 Al   13.0   -1.16737076   -2.10102964    0.63203780   26.98154130
 O     8.0    1.34082494   -4.51627727    0.29952348   15.99491464
 O     8.0   -3.82056137   -3.96829827   -0.67627818   15.99491464
 O     8.0   -1.86484222   -2.57346306    4.02731252   15.99491464
 C     6.0   -0.49060881   -1.32159131    5.66414228   12.00000000
 C     6.0   -0.69468411   -1.52358980    8.28383371   12.00000000
 C     6.0    0.89455856   -0.09808812    9.87769865   12.00000000
 C     6.0    2.70764874    1.54886489    8.95949395   12.00000000
 C     6.0    2.98446338    1.82891475    6.31340682   12.00000000
 C     6.0    1.37158212    0.40161405    4.69573322   12.00000000
 C     6.0    4.75525582    3.43245508    5.10223410   12.00000000
 C     6.0    4.84707194    3.55049872    2.49955398   12.00000000
 C     6.0    3.16207874    2.07190329    1.05915748   12.00000000
 N     7.0    1.47500117    0.55392786    2.12536364   14.00307401
 C     6.0    2.52739343   -4.64415882   -1.87093659   12.00000000
 C     6.0    4.38599766   -6.41068048   -2.47930368   12.00000000
 C     6.0    5.53544815   -6.39090827   -4.88265548   12.00000000
 C     6.0    4.90333854   -4.65714502   -6.73654863   12.00000000
 C     6.0    3.03185204   -2.81924273   -6.21021833   12.00000000
 C     6.0    1.87527162   -2.82399162   -3.77748884   12.00000000
 C     6.0    2.18653408   -0.93657473   -7.91751597   12.00000000
 C     6.0    0.34607311    0.75949416   -7.18814593   12.00000000
 C     6.0   -0.67654841    0.61020580   -4.73213124   12.00000000
 N     7.0    0.07108205   -1.12138616   -3.07967912   14.00307401
 C     6.0   -5.99024854   -2.81369261   -0.98355710   12.00000000
 C     6.0   -8.20435561   -3.95379462   -1.84580890   12.00000000
 C     6.0  -10.44600733   -2.53636207   -2.09755821   12.00000000
 C     6.0  -10.57884563    0.01139883   -1.51968374   12.00000000
 C     6.0   -6.10724148   -0.16461782   -0.39771743   12.00000000
 C     6.0   -8.38058013    1.25904704   -0.64334025   12.00000000
 C     6.0   -8.23235379    3.84876175    0.02386535   12.00000000
 C     6.0   -5.97690707    4.85881659    0.85389732   12.00000000
 C     6.0   -3.82402902    3.29774974    1.02295033   12.00000000
 N     7.0   -3.88806239    0.86720288    0.40971719   14.00307401
 H     1.0   -8.17118147   -5.95173781   -2.30158438    1.00782504
 H     1.0  -12.13394095   -3.49585351   -2.76727338    1.00782504
 H     1.0  -12.33155150    1.05713737   -1.72103784    1.00782504
 H     1.0   -9.91100130    5.02365929   -0.12034154    1.00782504
 H     1.0   -5.82762816    6.83377882    1.38121217    1.00782504
 H     1.0   -2.02594515    4.04160452    1.66752835    1.00782504
 H     1.0   -2.08412415   -2.80992260    9.06825525    1.00782504
 H     1.0    0.68327962   -0.31558048   11.90904653    1.00782504
 H     1.0    3.91471886    2.61590820   10.22859434    1.00782504
 H     1.0    6.03871812    4.55927232    6.24327720    1.00782504
 H     1.0    6.19415188    4.75960219    1.53815581    1.00782504
 H     1.0    3.19133548    2.12730628   -0.98977808    1.00782504
 H     1.0    4.91463343   -7.80780225   -1.07604408    1.00782504
 H     1.0    6.96959722   -7.80432893   -5.28721183    1.00782504
 H     1.0    5.80960206   -4.68983350   -8.57606096    1.00782504
 H     1.0   -2.12411453    1.92066095   -4.10821737    1.00782504
 H     1.0    2.99747225   -0.84870246   -9.80265196    1.00782504
 H     1.0   -0.33163938    2.20776893   -8.47035913    1.00782504
