 C     6.0   22.95369831    1.02800157   -1.32056141   12.00000000
 C     6.0  -22.89754510   -0.07480292    1.64068102   12.00000000
 C     6.0   25.39012033   -0.57334291   -1.11495732   12.00000000
 C     6.0  -24.55699299    2.18468404    2.46204103   12.00000000
 C     6.0   24.86285839   -3.40769778   -1.04390739   12.00000000
 C     6.0  -25.31106552    3.88315855    0.25762447   12.00000000
 C     6.0   20.86647123    0.01389894    0.46226859   12.00000000
 C     6.0  -20.77436787    0.79590918   -0.17697663   12.00000000
 C     6.0   23.27316030   -4.01956087    1.28546164   12.00000000
 C     6.0  -22.94349379    4.96415559   -0.99520726   12.00000000
 C     6.0   21.07596438   -2.22884694    1.69001232   12.00000000
 C     6.0  -20.84756830    3.04960602   -1.40078406   12.00000000
 C     6.0   21.96640900    0.99919080   -4.07276422   12.00000000
 C     6.0   23.67045632    3.77841103   -0.63269921   12.00000000
 C     6.0  -24.55527523   -2.09535290    0.32446787   12.00000000
 C     6.0  -21.75324223   -1.24393868    4.06011061   12.00000000
 C     6.0   18.63151670    1.66081227    0.71808648   12.00000000
 C     6.0  -18.73083504   -1.06689969   -0.52746414   12.00000000
 C     6.0   19.23408045   -3.17829826    3.65407083   12.00000000
 C     6.0  -18.89782447    3.91666339   -3.29823540   12.00000000
 C     6.0   16.19042329    0.90789624    0.56302122   12.00000000
 C     6.0  -16.21463635   -0.60725782   -0.46632961   12.00000000
 C     6.0   13.97323596    2.51710954    0.78210851   12.00000000
 C     6.0  -14.21274552   -2.46656315   -0.76728739   12.00000000
 C     6.0   14.36097942    5.29808910    1.27675567   12.00000000
 C     6.0  -14.94417725   -5.17763984   -1.26087063   12.00000000
 C     6.0   11.64257436    1.42884083    0.52611865   12.00000000
 C     6.0  -11.76146837   -1.66631137   -0.58370428   12.00000000
 C     6.0    9.20956708    2.62044732    0.66784811   12.00000000
 C     6.0   -9.49376110   -3.13736490   -0.80537104   12.00000000
 C     6.0    6.99743666    1.33102482    0.37890332   12.00000000
 C     6.0   -7.13588556   -2.12343423   -0.57754377   12.00000000
 C     6.0    4.49185256    2.40547586    0.50100608   12.00000000
 C     6.0   -4.76212119   -3.45708955   -0.76949459   12.00000000
 C     6.0    4.24486158    5.20871828    0.99450050   12.00000000
 C     6.0   -4.82739233   -6.26394135   -1.27839784   12.00000000
 C     6.0    2.33289526    0.99509955    0.19054109   12.00000000
 C     6.0   -2.56675642   -2.10568404   -0.47800434   12.00000000
 C     6.0    2.14725423   -1.66395677   -0.29253527   12.00000000
 C     6.0   -0.02909422   -3.03792751   -0.59042603   12.00000000
 H     1.0   26.39747475   -0.04591090    0.62279893    1.00782504
 H     1.0   26.64487769   -0.08738661   -2.69213408    1.00782504
 H     1.0  -23.50129559    3.31854428    3.84436814    1.00782504
 H     1.0  -26.23208969    1.46468326    3.44991993    1.00782504
 H     1.0   26.63338438   -4.48209591   -1.01202771    1.00782504
 H     1.0   23.85057934   -3.98921187   -2.75667012    1.00782504
 H     1.0  -26.54331625    5.41671099    0.90635801    1.00782504
 H     1.0  -26.40355966    2.80295140   -1.13341805    1.00782504
 H     1.0   24.47263750   -3.99664605    2.98799717    1.00782504
 H     1.0   22.53584396   -5.95845579    1.17435897    1.00782504
 H     1.0  -22.18931354    6.52483316    0.16030547    1.00782504
 H     1.0  -23.42856192    5.82965772   -2.81755899    1.00782504
 H     1.0   21.57367100   -0.92450505   -4.72180767    1.00782504
 H     1.0   23.35926945    1.83943485   -5.35597519    1.00782504
 H     1.0   20.20927362    2.07658792   -4.23828722    1.00782504
 H     1.0   24.15156736    3.95138144    1.37306556    1.00782504
 H     1.0   22.15879824    5.12284157   -1.05527976    1.00782504
 H     1.0   25.32504572    4.36016700   -1.73342499    1.00782504
 H     1.0  -25.48804593   -1.34153548   -1.35869986    1.00782504
 H     1.0  -26.01826718   -2.78159750    1.62099385    1.00782504
 H     1.0  -23.44010248   -3.73400624   -0.26678209    1.00782504
 H     1.0  -20.47535461    0.08767195    4.99531907    1.00782504
 H     1.0  -20.68257253   -2.96685680    3.66576256    1.00782504
 H     1.0  -23.26131927   -1.72970601    5.39463710    1.00782504
 H     1.0   19.00296127    3.66871242    0.94660350    1.00782504
 H     1.0  -19.34239199   -3.02148311   -0.72985003    1.00782504
 H     1.0   17.96983099   -1.70841258    4.35095080    1.00782504
 H     1.0   20.28027441   -3.96468511    5.26421009    1.00782504
 H     1.0   18.06451193   -4.72714992    2.91732897    1.00782504
 H     1.0  -17.66827227    2.39404490   -3.94013757    1.00782504
 H     1.0  -17.69152346    5.41364963   -2.51246270    1.00782504
 H     1.0  -19.83711662    4.74311055   -4.95158703    1.00782504
 H     1.0   15.80584323   -1.08129751    0.20693257    1.00782504
 H     1.0  -15.58277240    1.31914033   -0.11995037    1.00782504
 H     1.0   15.41577919    5.59291094    3.03523087    1.00782504
 H     1.0   12.58783049    6.33617236    1.42523712    1.00782504
 H     1.0   15.47236515    6.16689447   -0.24145220    1.00782504
 H     1.0  -16.10136994   -5.32791087   -2.97266015    1.00782504
 H     1.0  -16.08179049   -5.93020060    0.29972379    1.00782504
 H     1.0  -13.31212661   -6.41276107   -1.49505305    1.00782504
 H     1.0   11.60547903   -0.60042646    0.17039094    1.00782504
 H     1.0  -11.47092864    0.34131289   -0.22153637    1.00782504
 H     1.0    9.13952249    4.64033401    1.02221334    1.00782504
 H     1.0   -9.67350241   -5.14919380   -1.16896380    1.00782504
 H     1.0    7.13812488   -0.68842912    0.02573051    1.00782504
 H     1.0   -6.99895600   -0.10072051   -0.21038888    1.00782504
 H     1.0    5.10794108    5.73728224    2.80330856    1.00782504
 H     1.0    2.26387679    5.78763021    1.04449888    1.00782504
 H     1.0    5.19563571    6.32163469   -0.47300601    1.00782504
 H     1.0   -5.80392343   -6.66400771   -3.06115224    1.00782504
 H     1.0   -5.86560031   -7.25668252    0.21445746    1.00782504
 H     1.0   -2.94851512   -7.09905102   -1.39411900    1.00782504
 H     1.0    0.55934382    2.02360945    0.32795819    1.00782504
 H     1.0   -2.79512038   -0.09424442   -0.11855953    1.00782504
 H     1.0    3.90144354   -2.72026644   -0.44287244    1.00782504
 H     1.0    0.21711441   -5.04476942   -0.94749168    1.00782504
