 O     8.0   21.96000850    1.58937684   -1.62772505   15.99491464
 O     8.0   24.73267516   -4.67567756    2.35584976   15.99491464
 O     8.0  -19.72173561   -1.37436758    4.22084694   15.99491464
 O     8.0  -27.18522976   -2.27396604    0.83999082   15.99491464
 C     6.0   20.58706578   -0.56876221   -0.73173219   12.00000000
 C     6.0   22.41862425    0.79931069    0.92185565   12.00000000
 C     6.0   21.32100328   -3.01812885   -2.13408095   12.00000000
 C     6.0   25.08047358   -0.20393546    1.34405637   12.00000000
 C     6.0   24.21477303   -3.38366991   -2.08294118   12.00000000
 C     6.0   25.48865821   -2.91746881    0.46124246   12.00000000
 C     6.0   21.54251887    2.65924907    2.89993215   12.00000000
 C     6.0   17.81298939   -0.07718208   -0.48074255   12.00000000
 C     6.0   19.95530009   -5.33766185   -1.04239561   12.00000000
 C     6.0   20.50423341   -2.72056123   -4.90666257   12.00000000
 C     6.0   16.40006194   -0.71017420    1.51070754   12.00000000
 C     6.0   13.67155252   -0.25451398    1.79942179   12.00000000
 C     6.0   12.29213748   -2.21476470    3.33192921   12.00000000
 C     6.0   12.57131428    1.79529463    0.75831875   12.00000000
 C     6.0    9.91663268    2.44912286    0.79269098   12.00000000
 C     6.0  -22.50136969   -0.58810167   -2.42370227   12.00000000
 C     6.0  -21.81413109   -0.92632107    2.58382254   12.00000000
 C     6.0  -23.80602716   -3.18813428   -2.22933260   12.00000000
 C     6.0  -25.03148432   -3.80232551    0.31071066   12.00000000
 C     6.0  -23.15605019   -3.48932072    2.46297833   12.00000000
 C     6.0  -20.86297902   -0.15244988   -0.06646545   12.00000000
 C     6.0  -20.85327339   -0.58603242   -4.80740092   12.00000000
 C     6.0  -24.46088907    1.54853041   -2.70421321   12.00000000
 C     6.0  -23.46461412    1.13109180    3.77469960   12.00000000
 C     6.0    9.00089974    4.56957889   -0.27154987   12.00000000
 C     6.0  -18.63203827    0.89186570   -0.19850250   12.00000000
 C     6.0    6.34920202    5.34596909   -0.37991243   12.00000000
 C     6.0  -16.34136138    1.85669561   -0.16363517   12.00000000
 C     6.0    5.93122294    8.15715025   -0.54252525   12.00000000
 C     6.0    4.46102546    3.62306987   -0.36313166   12.00000000
 C     6.0  -13.99868868    0.37265777   -0.25951609   12.00000000
 C     6.0  -14.28786780   -2.45098802   -0.25863926   12.00000000
 C     6.0  -11.77093968    1.61592938   -0.28966100   12.00000000
 C     6.0    1.77868772    4.10294881   -0.36325639   12.00000000
 C     6.0   -9.26379277    0.53542177   -0.34372229   12.00000000
 C     6.0    0.02301308    2.25223230   -0.39229392   12.00000000
 C     6.0   -7.14891900    1.95403351   -0.34998295   12.00000000
 C     6.0   -2.65675652    2.73197518   -0.37325493   12.00000000
 C     6.0   -4.56440482    1.02362307   -0.38714252   12.00000000
 C     6.0   -4.16347485   -1.78953096   -0.43205942   12.00000000
 H     1.0   25.57447445   -0.09696752    3.34971532    1.00782504
 H     1.0   26.36218789    1.07279186    0.33800586    1.00782504
 H     1.0   24.64861447   -5.30422315   -2.71560448    1.00782504
 H     1.0   25.07220225   -2.08469674   -3.44698141    1.00782504
 H     1.0   27.51876264   -3.24570668    0.24033915    1.00782504
 H     1.0   21.28688805    1.73070568    4.73043427    1.00782504
 H     1.0   22.97565126    4.13164808    3.13676964    1.00782504
 H     1.0   19.76846665    3.54896426    2.36015078    1.00782504
 H     1.0   16.94230941    0.83009433   -2.10692936    1.00782504
 H     1.0   17.90940888   -5.14541812   -1.21812502    1.00782504
 H     1.0   20.53089367   -7.02472242   -2.08764849    1.00782504
 H     1.0   20.39920432   -5.68839691    0.93931105    1.00782504
 H     1.0   21.30292238   -0.99903585   -5.72021423    1.00782504
 H     1.0   21.16451884   -4.33309856   -6.01983976    1.00782504
 H     1.0   18.44691691   -2.63781202   -5.08670622    1.00782504
 H     1.0   23.13856644   -4.11881117    3.03731713    1.00782504
 H     1.0   17.30225499   -1.70835211    3.07225061    1.00782504
 H     1.0   10.32900872   -1.71883631    3.70260844    1.00782504
 H     1.0   12.32008842   -4.05173724    2.37725658    1.00782504
 H     1.0   13.22720988   -2.48225921    5.15956083    1.00782504
 H     1.0   13.79256869    3.13459267   -0.21294946    1.00782504
 H     1.0    8.61100200    1.17416621    1.73092867    1.00782504
 H     1.0  -25.21539058   -3.34972854   -3.74441107    1.00782504
 H     1.0  -22.39762939   -4.66339245   -2.59682197    1.00782504
 H     1.0  -25.61509033   -5.79806717    0.27158766    1.00782504
 H     1.0  -24.10032177   -3.84330800    4.26661799    1.00782504
 H     1.0  -21.68242663   -4.92369278    2.24851332    1.00782504
 H     1.0  -22.01814782   -0.95884137   -6.47506156    1.00782504
 H     1.0  -19.92523644    1.23913689   -5.07196069    1.00782504
 H     1.0  -19.38441572   -2.03535221   -4.70750244    1.00782504
 H     1.0  -25.80643266    1.58099780   -1.14987001    1.00782504
 H     1.0  -23.51137917    3.38057454   -2.80432713    1.00782504
 H     1.0  -25.52650753    1.28887448   -4.46034516    1.00782504
 H     1.0  -23.88511031    0.58998006    5.72309795    1.00782504
 H     1.0  -22.44737076    2.93167199    3.79672247    1.00782504
 H     1.0  -25.24590588    1.37562425    2.77560140    1.00782504
 H     1.0   10.35119221    5.88705815   -1.09939542    1.00782504
 H     1.0  -18.67444183    0.12209332    4.19867289    1.00782504
 H     1.0  -28.37228769   -2.47919030   -0.52757752    1.00782504
 H     1.0  -16.13009378    3.90213329   -0.04520792    1.00782504
 H     1.0    3.96710963    8.66651081   -0.88930890    1.00782504
 H     1.0    6.53863194    9.09486637    1.20013672    1.00782504
 H     1.0    7.06729795    8.95859255   -2.07581124    1.00782504
 H     1.0    4.99243346    1.63686377   -0.37652982    1.00782504
 H     1.0  -12.49532084   -3.43609659   -0.02597807    1.00782504
 H     1.0  -15.56332523   -3.02381126    1.26470677    1.00782504
 H     1.0  -15.14838105   -3.09387852   -2.02814857    1.00782504
 H     1.0  -11.84041546    3.67319108   -0.26653831    1.00782504
 H     1.0    1.13007512    6.05164952   -0.32086038    1.00782504
 H     1.0   -9.09872330   -1.50826413   -0.37947779    1.00782504
 H     1.0    0.67343792    0.30402859   -0.42458745    1.00782504
 H     1.0   -7.35790759    4.00156312   -0.31890073    1.00782504
 H     1.0   -3.18644676    4.72072485   -0.33985213    1.00782504
 H     1.0   -2.17274475   -2.30908471   -0.45864409    1.00782504
 H     1.0   -5.02596287   -2.67632275    1.22625652    1.00782504
 H     1.0   -5.05660289   -2.62722577   -2.09960290    1.00782504
