      DE/eV    lambda/nm    sigma/A^2        +/-error/A^2
      1.6442   7.5407E+02       0.00000000       0.00000000
      1.6492   7.5178E+02       0.00000001       0.00000001
      1.6542   7.4951E+02       0.00000002       0.00000002
      1.6592   7.4725E+02       0.00000007       0.00000006
      1.6642   7.4501E+02       0.00000019       0.00000017
      1.6692   7.4278E+02       0.00000053       0.00000046
      1.6742   7.4056E+02       0.00000143       0.00000122
      1.6792   7.3835E+02       0.00000369       0.00000312
      1.6842   7.3616E+02       0.00000920       0.00000766
      1.6892   7.3398E+02       0.00002205       0.00001810
      1.6942   7.3182E+02       0.00005086       0.00004111
      1.6992   7.2966E+02       0.00011291       0.00008976
      1.7042   7.2752E+02       0.00024129       0.00018840
      1.7092   7.2539E+02       0.00049652       0.00038022
      1.7142   7.2328E+02       0.00098402       0.00073789
      1.7192   7.2117E+02       0.00187873       0.00137727
      1.7242   7.1908E+02       0.00345664       0.00247281
      1.7292   7.1700E+02       0.00613102       0.00427170
      1.7342   7.1494E+02       0.01048776       0.00710156
      1.7392   7.1288E+02       0.01731051       0.01136525
      1.7442   7.1084E+02       0.02758371       0.01751586
      1.7492   7.0881E+02       0.04246024       0.02600755
      1.7542   7.0678E+02       0.06318432       0.03722330
      1.7592   7.0478E+02       0.09096745       0.05138845
      1.7642   7.0278E+02       0.12682733       0.06848772
      1.7692   7.0079E+02       0.17141234       0.08820881
      1.7742   6.9882E+02       0.22484458       0.10993570
      1.7792   6.9685E+02       0.28661781       0.13280537
      1.7842   6.9490E+02       0.35558044       0.15582424
      1.7892   6.9296E+02       0.43001831       0.17801976
      1.7942   6.9103E+02       0.50783084       0.19858600
      1.7992   6.8911E+02       0.58677303       0.21698013
      1.8042   6.8720E+02       0.66472039       0.23294577
      1.8092   6.8530E+02       0.73990960       0.24647389
      1.8142   6.8341E+02       0.81111398       0.25774169
      1.8192   6.8153E+02       0.87772969       0.26706968
      1.8242   6.7966E+02       0.93976817       0.27489951
      1.8292   6.7781E+02       0.99776885       0.28175190
      1.8342   6.7596E+02       1.05265598       0.28812545
      1.8392   6.7412E+02       1.10556306       0.29436210
      1.8442   6.7229E+02       1.15763987       0.30057925
      1.8492   6.7047E+02       1.20984720       0.30675900
      1.8542   6.6867E+02       1.26274271       0.31296436
      1.8592   6.6687E+02       1.31627290       0.31951417
      1.8642   6.6508E+02       1.36960993       0.32692459
      1.8692   6.6330E+02       1.42109539       0.33557031
      1.8742   6.6153E+02       1.46835923       0.34525330
      1.8792   6.5977E+02       1.50865740       0.35499498
      1.8842   6.5802E+02       1.53941443       0.36323724
      1.8892   6.5628E+02       1.55888291       0.36835600
      1.8942   6.5455E+02       1.56676907       0.36922435
      1.8992   6.5282E+02       1.56464980       0.36560459
      1.9042   6.5111E+02       1.55603946       0.35828327
      1.9092   6.4940E+02       1.54604863       0.34896276
      1.9142   6.4771E+02       1.54068810       0.33995037
      1.9192   6.4602E+02       1.54597328       0.33367304
      1.9242   6.4434E+02       1.56704415       0.33206791
      1.9292   6.4267E+02       1.60751419       0.33601439
      1.9342   6.4101E+02       1.66919773       0.34508763
      1.9392   6.3936E+02       1.75225891       0.35780908
      1.9442   6.3771E+02       1.85570835       0.37226822
      1.9492   6.3608E+02       1.97808107       0.38680579
      1.9542   6.3445E+02       2.11808960       0.40050978
      1.9592   6.3283E+02       2.27507204       0.41340976
      1.9642   6.3122E+02       2.44913491       0.42633756
      1.9692   6.2962E+02       2.64099763       0.44049224
      1.9742   6.2802E+02       2.85163888       0.45686119
      1.9792   6.2644E+02       3.08189035       0.47576049
      1.9842   6.2486E+02       3.33210664       0.49673309
      1.9892   6.2329E+02       3.60197186       0.51883721
      1.9942   6.2172E+02       3.89041773       0.54112475
      1.9992   6.2017E+02       4.19556677       0.56303570
      2.0042   6.1862E+02       4.51460541       0.58453204
      2.0092   6.1708E+02       4.84354322       0.60595319
      2.0142   6.1555E+02       5.17690055       0.62770242
      2.0192   6.1403E+02       5.50745141       0.64992528
      2.0242   6.1251E+02       5.82619071       0.67230976
      2.0292   6.1100E+02       6.12267339       0.69405657
      2.0342   6.0950E+02       6.38578945       0.71399312
      2.0392   6.0800E+02       6.60491932       0.73077628
      2.0442   6.0652E+02       6.77129582       0.74313486
      2.0492   6.0504E+02       6.87932026       0.75011375
      2.0542   6.0356E+02       6.92756518       0.75127911
      2.0592   6.0210E+02       6.91924890       0.74683961
      2.0642   6.0064E+02       6.86207186       0.73764610
      2.0692   5.9919E+02       6.76743164       0.72505894
      2.0742   5.9774E+02       6.64914815       0.71071484
      2.0792   5.9631E+02       6.52190882       0.69626512
      2.0842   5.9488E+02       6.39967461       0.68316957
      2.0892   5.9345E+02       6.29427631       0.67259144
      2.0942   5.9204E+02       6.21439137       0.66536403
      2.0992   5.9063E+02       6.16503626       0.66194868
      2.1042   5.8922E+02       6.14764276       0.66233758
      2.1092   5.8783E+02       6.16070528       0.66595500
      2.1142   5.8644E+02       6.20088984       0.67168198
      2.1192   5.8505E+02       6.26439102       0.67809061
      2.1242   5.8367E+02       6.34823891       0.68385415
      2.1292   5.8230E+02       6.45122827       0.68819822
      2.1342   5.8094E+02       6.57419897       0.69123083
      2.1392   5.7958E+02       6.71954574       0.69401340
      2.1442   5.7823E+02       6.89004687       0.69828528
      2.1492   5.7689E+02       7.08731240       0.70585330
      2.1542   5.7555E+02       7.31028762       0.71782798
      2.1592   5.7421E+02       7.55425045       0.73405080
      2.1642   5.7289E+02       7.81060018       0.75303227
      2.1692   5.7157E+02       8.06749486       0.77244951
      2.1742   5.7025E+02       8.31114257       0.78994005
      2.1792   5.6894E+02       8.52738054       0.80381495
      2.1842   5.6764E+02       8.70314812       0.81341320
      2.1892   5.6634E+02       8.82757365       0.81900203
      2.1942   5.6505E+02       8.89259193       0.82131167
      2.1992   5.6377E+02       8.89319393       0.82094423
      2.2042   5.6249E+02       8.82750333       0.81795895
      2.2092   5.6122E+02       8.69684189       0.81184104
      2.2142   5.5995E+02       8.50581914       0.80184023
      2.2192   5.5869E+02       8.26233722       0.78746667
      2.2242   5.5743E+02       7.97732013       0.76888961
      2.2292   5.5618E+02       7.66400799       0.74708517
      2.2342   5.5494E+02       7.33679266       0.72371146
      2.2392   5.5370E+02       7.00975261       0.70076489
      2.2442   5.5246E+02       6.69519143       0.68009621
      2.2492   5.5124E+02       6.40252657       0.66290036
      2.2542   5.5001E+02       6.13778836       0.64936275
      2.2592   5.4880E+02       5.90380210       0.63866494
      2.2642   5.4758E+02       5.70090872       0.62941905
      2.2692   5.4638E+02       5.52791584       0.62035735
      2.2742   5.4518E+02       5.38292486       0.61094002
      2.2792   5.4398E+02       5.26376751       0.60157741
      2.2842   5.4279E+02       5.16797148       0.59334746
      2.2892   5.4160E+02       5.09238226       0.58732646
      2.2942   5.4042E+02       5.03271579       0.58385352
      2.2992   5.3925E+02       4.98334678       0.58210521
      2.3042   5.3808E+02       4.93754361       0.58019770
      2.3092   5.3691E+02       4.88818352       0.57579175
      2.3142   5.3575E+02       4.82879368       0.56712216
      2.3192   5.3460E+02       4.75463420       0.55461343
      2.3242   5.3345E+02       4.66351291       0.54352564
      2.3292   5.3230E+02       4.55610139       0.54744819
      2.3342   5.3116E+02       4.43567364       0.58886596
      2.3392   5.3003E+02       4.30735658       0.68948050
      2.3442   5.2890E+02       4.17710924       0.85553589
      2.3492   5.2777E+02       4.05069708       1.07585530
      2.3542   5.2665E+02       3.93288930       1.32937655
      2.3592   5.2553E+02       3.82700269       1.59039485
      2.3642   5.2442E+02       3.73478694       1.83124312
      2.3692   5.2332E+02       3.65654273       2.02507247
      2.3742   5.2221E+02       3.59132127       2.14931331
      2.3792   5.2112E+02       3.53708412       2.18914037
      2.3842   5.2002E+02       3.49078585       2.13997579
      2.3892   5.1894E+02       3.44844001       2.00827395
      2.3942   5.1785E+02       3.40529357       1.81030908
      2.3992   5.1677E+02       3.35623286       1.56924659
      2.4042   5.1570E+02       3.29647035       1.31122908
      2.4092   5.1463E+02       3.22244068       1.06139393
      2.4142   5.1356E+02       3.13271523       0.84058150
      2.4192   5.1250E+02       3.02867723       0.66301060
      2.4242   5.1144E+02       2.91471704       0.53465563
      2.4292   5.1039E+02       2.79781010       0.45239532
      2.4342   5.0934E+02       2.68649684       0.40573253
      2.4392   5.0830E+02       2.58944241       0.38216794
      2.4442   5.0726E+02       2.51386579       0.37235486
      2.4492   5.0622E+02       2.46416053       0.37119523
      2.4542   5.0519E+02       2.44098277       0.37616638
      2.4592   5.0416E+02       2.44097672       0.38553962
      2.4642   5.0314E+02       2.45717725       0.39749823
      2.4692   5.0212E+02       2.48000613       0.40999310
      2.4742   5.0111E+02       2.49868310       0.42093859
      2.4792   5.0010E+02       2.50281611       0.42848260
      2.4842   4.9909E+02       2.48391824       0.43122711
      2.4892   4.9809E+02       2.43661746       0.42835279
      2.4942   4.9709E+02       2.35937655       0.41964635
      2.4992   4.9610E+02       2.25461522       0.40546554
      2.5042   4.9510E+02       2.12821779       0.38669617
      2.5092   4.9412E+02       1.98850554       0.36474238
      2.5142   4.9314E+02       1.84484179       0.34154052
      2.5192   4.9216E+02       1.70610515       0.31950614
      2.5242   4.9118E+02       1.57929935       0.30124386
      2.5292   4.9021E+02       1.46855352       0.28887241
      2.5342   4.8924E+02       1.37470019       0.28310950
      2.5392   4.8828E+02       1.29550560       0.28272111
      2.5442   4.8732E+02       1.22648801       0.28489513
      2.5492   4.8637E+02       1.16213015       0.28632583
      2.5542   4.8541E+02       1.09720540       0.28428647
      2.5592   4.8446E+02       1.02792282       0.27723741
      2.5642   4.8352E+02       0.95265650       0.26494429
      2.5692   4.8258E+02       0.87214081       0.24825140
      2.5742   4.8164E+02       0.78914705       0.22867973
      2.5792   4.8071E+02       0.70776895       0.20802597
      2.5842   4.7978E+02       0.63250775       0.18812350
      2.5892   4.7885E+02       0.56735594       0.17082487
      2.5942   4.7793E+02       0.51504574       0.15804204
      2.5992   4.7701E+02       0.47657373       0.15145104
      2.6042   4.7609E+02       0.45105536       0.15165601
      2.6092   4.7518E+02       0.43591006       0.15745879
      2.6142   4.7427E+02       0.42732990       0.16616327
      2.6192   4.7337E+02       0.42094293       0.17465343
      2.6242   4.7246E+02       0.41254881       0.18030523
      2.6292   4.7157E+02       0.39878981       0.18139805
      2.6342   4.7067E+02       0.37763152       0.17717954
      2.6392   4.6978E+02       0.34856969       0.16775428
      2.6442   4.6889E+02       0.31254180       0.15388460
      2.6492   4.6801E+02       0.27158918       0.13675417
      2.6542   4.6712E+02       0.22836729       0.11773376
      2.6592   4.6625E+02       0.18562422       0.09817928
      2.6642   4.6537E+02       0.14575667       0.07927960
      2.6692   4.6450E+02       0.11051614       0.06195968
      2.6742   4.6363E+02       0.08089030       0.04683611
      2.6792   4.6277E+02       0.05714070       0.03421787
      2.6842   4.6190E+02       0.03894904       0.02414272
      2.6892   4.6104E+02       0.02561428       0.01643794
      2.6942   4.6019E+02       0.01624941       0.01079258
      2.6992   4.5934E+02       0.00994270       0.00682874
      2.7042   4.5849E+02       0.00586748       0.00416151
      2.7092   4.5764E+02       0.00334031       0.00244146
      2.7142   4.5680E+02       0.00183754       0.00137838
      2.7192   4.5596E+02       0.00098450       0.00074881
      2.7242   4.5512E+02       0.00053106       0.00039291
      2.7292   4.5429E+02       0.00032420       0.00021303
      2.7342   4.5346E+02       0.00028444       0.00019496
      2.7392   4.5263E+02       0.00038946       0.00034064
      2.7442   4.5180E+02       0.00066569       0.00064384
      2.7492   4.5098E+02       0.00118643       0.00117803
      2.7542   4.5016E+02       0.00207359       0.00207176
      2.7592   4.4935E+02       0.00349879       0.00350077
      2.7642   4.4854E+02       0.00567842       0.00568353
      2.7692   4.4773E+02       0.00885682       0.00886548
      2.7742   4.4692E+02       0.01327345       0.01328667
      2.7792   4.4611E+02       0.01911285       0.01913197
      2.7842   4.4531E+02       0.02644224       0.02646871
      2.7892   4.4452E+02       0.03514801       0.03518321
      2.7942   4.4372E+02       0.04488829       0.04493325
      2.7992   4.4293E+02       0.05508014       0.05513530
      2.8042   4.4214E+02       0.06493616       0.06500119
      2.8092   4.4135E+02       0.07355424       0.07362791
      2.8142   4.4057E+02       0.08004947       0.08012964
      2.8192   4.3979E+02       0.08370257       0.08378640
      2.8242   4.3901E+02       0.08409085       0.08417506
      2.8292   4.3823E+02       0.08116863       0.08124992
      2.8342   4.3746E+02       0.07527613       0.07535152
      2.8392   4.3669E+02       0.06707427       0.06714145
      2.8442   4.3592E+02       0.05742278       0.05748028
      2.8492   4.3515E+02       0.04723261       0.04727992
      2.8542   4.3439E+02       0.03732753       0.03736492
      2.8592   4.3363E+02       0.02834303       0.02837141
      2.8642   4.3288E+02       0.02067724       0.02069795
      2.8692   4.3212E+02       0.01449335       0.01450786
      2.8742   4.3137E+02       0.00976055       0.00977032
      2.8792   4.3062E+02       0.00631552       0.00632185
      2.8842   4.2987E+02       0.00392621       0.00393014
      2.8892   4.2913E+02       0.00234514       0.00234748
      2.8942   4.2839E+02       0.00134583       0.00134718
      2.8992   4.2765E+02       0.00074207       0.00074281
      2.9042   4.2691E+02       0.00039312       0.00039352
      2.9092   4.2618E+02       0.00020010       0.00020030
      2.9142   4.2545E+02       0.00009785       0.00009795
      2.9192   4.2472E+02       0.00004598       0.00004602
      2.9242   4.2399E+02       0.00002076       0.00002078
      2.9292   4.2327E+02       0.00000900       0.00000901
      2.9342   4.2255E+02       0.00000375       0.00000376
      2.9392   4.2183E+02       0.00000150       0.00000150
      2.9442   4.2111E+02       0.00000058       0.00000058
      2.9492   4.2040E+02       0.00000021       0.00000021
      2.9542   4.1969E+02       0.00000008       0.00000008
      2.9592   4.1898E+02       0.00000003       0.00000003
      2.9642   4.1827E+02       0.00000001       0.00000001
      2.9692   4.1757E+02       0.00000000       0.00000000
