DE/eV lambda/nm diff_rate +/-error
1.3212 9.3842E+02 1.18153071E-16 9.49375165E-17
1.3262 9.3488E+02 3.90037698E-16 3.09730345E-16
1.3312 9.3137E+02 1.23801568E-15 9.71182646E-16
1.3362 9.2789E+02 3.77847353E-15 2.92689855E-15
1.3412 9.2443E+02 1.10889378E-14 8.47860659E-15
1.3462 9.2099E+02 3.12938784E-14 2.36088111E-14
1.3512 9.1759E+02 8.49253047E-14 6.31948673E-14
1.3562 9.1420E+02 2.21633447E-13 1.62620549E-13
1.3612 9.1084E+02 5.56244676E-13 4.02332961E-13
1.3662 9.0751E+02 1.34258072E-12 9.57074833E-13
1.3712 9.0420E+02 3.11652166E-12 2.18923672E-12
1.3762 9.0092E+02 6.95770387E-12 4.81576705E-12
1.3812 8.9766E+02 1.49395750E-11 1.01884086E-11
1.3862 8.9442E+02 3.08529856E-11 2.07329087E-11
1.3912 8.9120E+02 6.12847958E-11 4.05858213E-11
1.3962 8.8801E+02 1.17088668E-10 7.64359739E-11
1.4012 8.8484E+02 2.15176085E-10 1.38509996E-10
1.4062 8.8170E+02 3.80366053E-10 2.41532398E-10
1.4112 8.7857E+02 6.46773149E-10 4.05351228E-10
1.4162 8.7547E+02 1.05794389E-09 6.54785487E-10
1.4212 8.7239E+02 1.66478648E-09 1.01818181E-09
1.4262 8.6933E+02 2.52043719E-09 1.52424283E-09
1.4312 8.6630E+02 3.67171633E-09 2.19697314E-09
1.4362 8.6328E+02 5.14780248E-09 3.04909363E-09
1.4412 8.6028E+02 6.94806191E-09 4.07492616E-09
1.4462 8.5731E+02 9.03224799E-09 5.24437011E-09
1.4512 8.5436E+02 1.13169864E-08 6.49993761E-09
1.4562 8.5142E+02 1.36820329E-08 7.75865931E-09
1.4612 8.4851E+02 1.59879254E-08 8.91992486E-09
1.4662 8.4562E+02 1.81035230E-08 9.87912099E-09
1.4712 8.4274E+02 1.99383048E-08 1.05456739E-08
1.4762 8.3989E+02 2.14713609E-08 1.08633495E-08
1.4812 8.3705E+02 2.27680236E-08 1.08308496E-08
1.4862 8.3424E+02 2.39768585E-08 1.05214850E-08
1.4912 8.3144E+02 2.53042601E-08 1.00990047E-08
1.4962 8.2866E+02 2.69701681E-08 9.81437921E-09
1.5012 8.2590E+02 2.91546821E-08 9.94362337E-09
1.5062 8.2316E+02 3.19495807E-08 1.06482430E-08
1.5112 8.2044E+02 3.53293188E-08 1.18698856E-08
1.5162 8.1773E+02 3.91523538E-08 1.33821083E-08
1.5212 8.1504E+02 4.31962840E-08 1.49151546E-08
1.5262 8.1237E+02 4.72211348E-08 1.62369031E-08
1.5312 8.0972E+02 5.10467666E-08 1.71870088E-08
1.5362 8.0708E+02 5.46253032E-08 1.76933898E-08
1.5412 8.0447E+02 5.80892740E-08 1.77824916E-08
1.5462 8.0186E+02 6.17610092E-08 1.75824253E-08
1.5512 7.9928E+02 6.61174134E-08 1.73133520E-08
1.5562 7.9671E+02 7.17142989E-08 1.72549120E-08
1.5612 7.9416E+02 7.90835099E-08 1.76794932E-08
1.5662 7.9162E+02 8.86221700E-08 1.87624590E-08
1.5712 7.8911E+02 1.00495517E-07 2.05217364E-08
1.5762 7.8660E+02 1.14572815E-07 2.28299921E-08
1.5812 7.8411E+02 1.30410281E-07 2.54742527E-08
1.5862 7.8164E+02 1.47286829E-07 2.82136616E-08
1.5912 7.7919E+02 1.64289000E-07 3.08190624E-08
1.5962 7.7675E+02 1.80432392E-07 3.31000544E-08
1.6012 7.7432E+02 1.94799965E-07 3.49231305E-08
1.6062 7.7191E+02 2.06674210E-07 3.62191336E-08
1.6112 7.6951E+02 2.15641156E-07 3.69789794E-08
1.6162 7.6713E+02 2.21649171E-07 3.72416230E-08
1.6212 7.6477E+02 2.25013515E-07 3.70825489E-08
1.6262 7.6242E+02 2.26366858E-07 3.66099733E-08
1.6312 7.6008E+02 2.26565068E-07 3.59681837E-08
1.6362 7.5776E+02 2.26565053E-07 3.53370789E-08
1.6412 7.5545E+02 2.27296222E-07 3.49123781E-08
1.6462 7.5315E+02 2.29548282E-07 3.48604334E-08
1.6512 7.5087E+02 2.33894961E-07 3.52648025E-08
1.6562 7.4861E+02 2.40666053E-07 3.60996482E-08
1.6612 7.4635E+02 2.49969955E-07 3.72518949E-08
1.6662 7.4411E+02 2.61757992E-07 3.85775309E-08
1.6712 7.4189E+02 2.75912754E-07 3.99570841E-08
1.6762 7.3967E+02 2.92337703E-07 4.13262223E-08
1.6812 7.3747E+02 3.11025367E-07 4.26786480E-08
1.6862 7.3529E+02 3.32086161E-07 4.40515448E-08
1.6912 7.3311E+02 3.55728180E-07 4.55068931E-08
1.6962 7.3095E+02 3.82188605E-07 4.71179435E-08
1.7012 7.2880E+02 4.11628494E-07 4.89611854E-08
1.7062 7.2667E+02 4.44013063E-07 5.11051956E-08
1.7112 7.2455E+02 4.79007049E-07 5.35870674E-08
1.7162 7.2243E+02 5.15916508E-07 5.63788606E-08
1.7212 7.2034E+02 5.53701760E-07 5.93623862E-08
1.7262 7.1825E+02 5.91070489E-07 6.23344480E-08
1.7312 7.1617E+02 6.26637944E-07 6.50501256E-08
1.7362 7.1411E+02 6.59119439E-07 6.72905526E-08
1.7412 7.1206E+02 6.87507171E-07 6.89291831E-08
1.7462 7.1002E+02 7.11185319E-07 6.99706562E-08
1.7512 7.0800E+02 7.29955591E-07 7.05449843E-08
1.7562 7.0598E+02 7.43974060E-07 7.08544512E-08
1.7612 7.0398E+02 7.53628528E-07 7.10908619E-08
1.7662 7.0198E+02 7.59402558E-07 7.13600752E-08
1.7712 7.0000E+02 7.61771449E-07 7.16528819E-08
1.7762 6.9803E+02 7.61157988E-07 7.18760028E-08
1.7812 6.9607E+02 7.57950153E-07 7.19200747E-08
1.7862 6.9412E+02 7.52559995E-07 7.17230765E-08
1.7912 6.9219E+02 7.45491208E-07 7.12984299E-08
1.7962 6.9026E+02 7.37384834E-07 7.07224462E-08
1.8012 6.8834E+02 7.29024481E-07 7.00976520E-08
1.8062 6.8644E+02 7.21297327E-07 6.95174767E-08
1.8112 6.8454E+02 7.15118872E-07 6.90517681E-08
1.8162 6.8266E+02 7.11335141E-07 6.87556573E-08
1.8212 6.8078E+02 7.10617106E-07 6.86870820E-08
1.8262 6.7892E+02 7.13361440E-07 6.89124825E-08
1.8312 6.7707E+02 7.19611786E-07 6.94897276E-08
1.8362 6.7522E+02 7.29015370E-07 7.04354165E-08
1.8412 6.7339E+02 7.40829040E-07 7.16971576E-08
1.8462 6.7156E+02 7.53984065E-07 7.31496385E-08
1.8512 6.6975E+02 7.67209366E-07 7.46177800E-08
1.8562 6.6795E+02 7.79199857E-07 7.59143621E-08
1.8612 6.6615E+02 7.88803912E-07 7.68748030E-08
1.8662 6.6437E+02 7.95195805E-07 7.73778898E-08
1.8712 6.6259E+02 7.97998433E-07 7.73505156E-08
1.8762 6.6083E+02 7.97329511E-07 7.67611026E-08
1.8812 6.5907E+02 7.93759309E-07 7.56093632E-08
1.8862 6.5732E+02 7.88186520E-07 7.39217828E-08
1.8912 6.5558E+02 7.81656859E-07 7.17673877E-08
1.8962 6.5386E+02 7.75162161E-07 6.93219325E-08
1.9012 6.5214E+02 7.69462560E-07 6.70270367E-08
1.9062 6.5043E+02 7.64968971E-07 6.58737550E-08
1.9112 6.4872E+02 7.61708222E-07 6.76581385E-08
1.9162 6.4703E+02 7.59372229E-07 7.46495409E-08
1.9212 6.4535E+02 7.57431454E-07 8.83323964E-08
1.9262 6.4367E+02 7.55277846E-07 1.08401407E-07
1.9312 6.4201E+02 7.52358268E-07 1.33027426E-07
1.9362 6.4035E+02 7.48267196E-07 1.59556467E-07
1.9412 6.3870E+02 7.42783902E-07 1.84978225E-07
1.9462 6.3706E+02 7.35858203E-07 2.06283034E-07
1.9512 6.3543E+02 7.27563304E-07 2.20848240E-07
1.9562 6.3380E+02 7.18039734E-07 2.26829896E-07
1.9612 6.3219E+02 7.07450321E-07 2.23466139E-07
1.9662 6.3058E+02 6.95955766E-07 2.11206334E-07
1.9712 6.2898E+02 6.83708957E-07 1.91627861E-07
1.9762 6.2739E+02 6.70858463E-07 1.67164440E-07
1.9812 6.2580E+02 6.57550177E-07 1.40722393E-07
1.9862 6.2423E+02 6.43920210E-07 1.15280469E-07
1.9912 6.2266E+02 6.30079089E-07 9.35269263E-08
1.9962 6.2110E+02 6.16093439E-07 7.74598400E-08
2.0012 6.1955E+02 6.01973785E-07 6.78003297E-08
2.0062 6.1801E+02 5.87674957E-07 6.35475321E-08
2.0112 6.1647E+02 5.73109935E-07 6.25685686E-08
2.0162 6.1494E+02 5.58171706E-07 6.28841597E-08
2.0212 6.1342E+02 5.42753984E-07 6.33251711E-08
2.0262 6.1190E+02 5.26762775E-07 6.34336581E-08
2.0312 6.1040E+02 5.10116509E-07 6.31600448E-08
2.0362 6.0890E+02 4.92740377E-07 6.26192928E-08
2.0412 6.0741E+02 4.74566223E-07 6.19338253E-08
2.0462 6.0592E+02 4.55549300E-07 6.11491830E-08
2.0512 6.0445E+02 4.35706141E-07 6.02164098E-08
2.0562 6.0298E+02 4.15166188E-07 5.90305445E-08
2.0612 6.0151E+02 3.94218889E-07 5.74995160E-08
2.0662 6.0006E+02 3.73333267E-07 5.56109062E-08
2.0712 5.9861E+02 3.53131754E-07 5.34705674E-08
2.0762 5.9717E+02 3.34313541E-07 5.12984115E-08
2.0812 5.9573E+02 3.17539859E-07 4.93770487E-08
2.0862 5.9431E+02 3.03307904E-07 4.79628527E-08
2.0912 5.9289E+02 2.91845852E-07 4.71917765E-08
2.0962 5.9147E+02 2.83056448E-07 4.70295673E-08
2.1012 5.9006E+02 2.76523052E-07 4.72970553E-08
2.1062 5.8866E+02 2.71574951E-07 4.77495737E-08
2.1112 5.8727E+02 2.67394069E-07 4.81583014E-08
2.1162 5.8588E+02 2.63137286E-07 4.83571803E-08
2.1212 5.8450E+02 2.58048797E-07 4.82516598E-08
2.1262 5.8313E+02 2.51543644E-07 4.78040246E-08
2.1312 5.8176E+02 2.43253454E-07 4.70122106E-08
2.1362 5.8040E+02 2.33034934E-07 4.58934632E-08
2.1412 5.7904E+02 2.20948466E-07 4.44767123E-08
2.1462 5.7769E+02 2.07217304E-07 4.28011568E-08
2.1512 5.7635E+02 1.92177928E-07 4.09155312E-08
2.1562 5.7501E+02 1.76230239E-07 3.88738589E-08
2.1612 5.7368E+02 1.59793545E-07 3.67277524E-08
2.1662 5.7236E+02 1.43271594E-07 3.45192712E-08
2.1712 5.7104E+02 1.27027758E-07 3.22788364E-08
2.1762 5.6973E+02 1.11369879E-07 3.00290707E-08
2.1812 5.6842E+02 9.65434974E-08 2.77904598E-08
2.1862 5.6712E+02 8.27318512E-08 2.55828077E-08
2.1912 5.6583E+02 7.00610514E-08 2.34199012E-08
2.1962 5.6454E+02 5.86089248E-08 2.13014195E-08
2.2012 5.6326E+02 4.84159394E-08 1.92103723E-08
2.2062 5.6198E+02 3.94964705E-08 1.71217856E-08
2.2112 5.6071E+02 3.18485648E-08 1.50205479E-08
2.2162 5.5944E+02 2.54605454E-08 1.29205182E-08
2.2212 5.5819E+02 2.03133958E-08 1.08790290E-08
2.2262 5.5693E+02 1.63787656E-08 9.00943490E-09
2.2312 5.5568E+02 1.36134371E-08 7.49948979E-09
2.2362 5.5444E+02 1.19519047E-08 6.61529607E-09
2.2412 5.5320E+02 1.12991570E-08 6.58305538E-09
2.2462 5.5197E+02 1.15257684E-08 7.35374141E-09
2.2512 5.5075E+02 1.24670200E-08 8.63152376E-09
2.2562 5.4953E+02 1.39270717E-08 1.01148157E-08
2.2612 5.4831E+02 1.56883058E-08 1.15877867E-08
2.2662 5.4710E+02 1.75250066E-08 1.29058473E-08
2.2712 5.4590E+02 1.92197215E-08 1.39769080E-08
2.2762 5.4470E+02 2.05801505E-08 1.47513755E-08
2.2812 5.4350E+02 2.14543303E-08 1.52117617E-08
2.2862 5.4232E+02 2.17421869E-08 1.53583158E-08
2.2912 5.4113E+02 2.14020738E-08 1.51948635E-08
2.2962 5.3995E+02 2.04515358E-08 1.47220696E-08
2.3012 5.3878E+02 1.89621409E-08 1.39418133E-08
2.3062 5.3761E+02 1.70488342E-08 1.28692779E-08
2.3112 5.3645E+02 1.48549302E-08 1.15445807E-08
2.3162 5.3529E+02 1.25345545E-08 1.00366210E-08
2.3212 5.3414E+02 1.02349165E-08 8.43670022E-09
2.3262 5.3299E+02 8.08099660E-09 6.84453440E-09
2.3312 5.3185E+02 6.16487027E-09 5.35196395E-09
2.3362 5.3071E+02 4.54097659E-09 4.02954996E-09
2.3412 5.2958E+02 3.22738279E-09 2.91927796E-09
2.3462 5.2845E+02 2.21188818E-09 2.03405570E-09
2.3512 5.2732E+02 1.46100233E-09 1.36262592E-09
2.3562 5.2620E+02 9.29620056E-10 8.77445308E-10
2.3612 5.2509E+02 5.69568313E-10 5.43034516E-10
2.3662 5.2398E+02 3.35904695E-10 3.22964225E-10
2.3712 5.2288E+02 1.90626503E-10 1.84574239E-10
2.3762 5.2178E+02 1.04072215E-10 1.01357827E-10
2.3812 5.2068E+02 5.46481884E-11 5.34809953E-11
2.3862 5.1959E+02 2.75947649E-11 2.71136846E-11
2.3912 5.1850E+02 1.33974218E-11 1.32074308E-11
2.3962 5.1742E+02 6.25322657E-12 6.18137061E-12
2.4012 5.1634E+02 2.80562551E-12 2.77961784E-12
2.4062 5.1527E+02 1.20992911E-12 1.20092922E-12
2.4112 5.1420E+02 5.01491430E-13 4.98517603E-13
2.4162 5.1314E+02 1.99762802E-13 1.98826156E-13
2.4212 5.1208E+02 7.64701503E-14 7.61896369E-14
2.4262 5.1102E+02 2.81305324E-14 2.80509312E-14
2.4312 5.0997E+02 9.94393380E-15 9.92264376E-15
2.4362 5.0892E+02 3.37769872E-15 3.37237674E-15
2.4412 5.0788E+02 1.10244332E-15 1.10121780E-15
2.4462 5.0684E+02 3.45745321E-16 3.45492593E-16
