 Al   13.0   -1.19113596   -1.86791869    0.47166430   26.98154130
 O     8.0    1.34800590   -4.55040573    0.22475836   15.99491464
 O     8.0   -3.80696857   -3.90972054   -0.66715647   15.99491464
 O     8.0   -1.78812312   -2.51837188    3.88249714   15.99491464
 C     6.0   -0.42056989   -1.32499471    5.56526047   12.00000000
 C     6.0   -0.60453284   -1.61834256    8.17797314   12.00000000
 C     6.0    0.98722695   -0.23136106    9.80564528   12.00000000
 C     6.0    2.78004603    1.46279920    8.93306046   12.00000000
 C     6.0    3.03551055    1.83425700    6.29515018   12.00000000
 C     6.0    1.42509350    0.44112066    4.64920250   12.00000000
 C     6.0    4.77255059    3.49471778    5.11175454   12.00000000
 C     6.0    4.83329584    3.69176330    2.51090935   12.00000000
 C     6.0    3.15709364    2.23257159    1.04026022   12.00000000
 N     7.0    1.50307116    0.66327687    2.08691717   14.00307401
 C     6.0    2.49037936   -4.68454983   -1.90895599   12.00000000
 C     6.0    4.29249968   -6.61102168   -2.47226823   12.00000000
 C     6.0    5.45165958   -6.63080334   -4.83694490   12.00000000
 C     6.0    4.85491619   -4.78476011   -6.61564962   12.00000000
 C     6.0    3.04511036   -2.79457992   -6.11325837   12.00000000
 C     6.0    1.90039553   -2.77989864   -3.77807088   12.00000000
 C     6.0    2.38902957   -0.86129371   -7.91163514   12.00000000
 C     6.0    0.55135595    0.89300898   -7.11861724   12.00000000
 C     6.0   -0.52039656    0.78335384   -4.74118870   12.00000000
 N     7.0    0.13140778   -1.01627771   -2.96313404   14.00307401
 C     6.0   -6.00718426   -2.80606000   -0.93940743   12.00000000
 C     6.0   -8.21862115   -4.00637625   -1.72691867   12.00000000
 C     6.0  -10.49479061   -2.64172942   -1.95042792   12.00000000
 C     6.0  -10.66963374   -0.08696331   -1.41485118   12.00000000
 C     6.0   -6.17111234   -0.14864019   -0.39346555   12.00000000
 C     6.0   -8.47920116    1.22229187   -0.61306684   12.00000000
 C     6.0   -8.37194219    3.82697510    0.00157036   12.00000000
 C     6.0   -6.12219300    4.90410388    0.76128751   12.00000000
 C     6.0   -3.93316637    3.39539566    0.91303630   12.00000000
 N     7.0   -3.96114754    0.95210828    0.34827842   14.00307401
 H     1.0   -8.15354087   -6.01031554   -2.15215240    1.00782504
 H     1.0  -12.17648813   -3.64839976   -2.56459458    1.00782504
 H     1.0  -12.44783391    0.91845981   -1.59646331    1.00782504
 H     1.0  -10.07862756    4.96237736   -0.12913066    1.00782504
 H     1.0   -6.00592949    6.89251529    1.24403506    1.00782504
 H     1.0   -2.13578548    4.18802428    1.49967154    1.00782504
 H     1.0   -1.98062763   -2.93664953    8.93245764    1.00782504
 H     1.0    0.79133983   -0.51674372   11.83023928    1.00782504
 H     1.0    3.98277735    2.49939903   10.23119460    1.00782504
 H     1.0    6.05419876    4.60571423    6.27049303    1.00782504
 H     1.0    6.15208468    4.95073098    1.57442344    1.00782504
 H     1.0    3.15136210    2.33548985   -1.00714844    1.00782504
 H     1.0    4.69173834   -8.01624093   -1.03582881    1.00782504
 H     1.0    6.81828307   -8.08714913   -5.30065157    1.00782504
 H     1.0    5.76561490   -4.82163245   -8.45472543    1.00782504
 H     1.0   -1.95078129    2.13147502   -4.16721462    1.00782504
 H     1.0    3.23425305   -0.80162372   -9.77205162    1.00782504
 H     1.0   -0.06935673    2.37979448   -8.38989837    1.00782504
