 C     6.0   23.22294840    1.27596815   -0.99653552   12.00000000
 C     6.0  -23.09334700    0.08413862    1.44550708   12.00000000
 C     6.0   25.59215230   -0.30898753   -1.01910616   12.00000000
 C     6.0  -24.70743140    2.32302199    2.19822294   12.00000000
 C     6.0   25.04081270   -2.98252448   -1.45172865   12.00000000
 C     6.0  -25.22685730    4.27786767    0.17436343   12.00000000
 C     6.0   20.97705970    0.08581911    0.49021759   12.00000000
 C     6.0  -20.80632700    0.98275982   -0.12112584   12.00000000
 C     6.0   23.47990740   -3.89460028    0.86566208   12.00000000
 C     6.0  -22.75006050    5.17891275   -1.11164758   12.00000000
 C     6.0   21.14713940   -2.18785687    1.49274635   12.00000000
 C     6.0  -20.68502380    3.34641562   -1.06987068   12.00000000
 C     6.0   22.33919120    1.95938318   -3.80968394   12.00000000
 C     6.0   23.68431960    3.87193713    0.05586905   12.00000000
 C     6.0  -24.77470030   -1.80467232    0.05683208   12.00000000
 C     6.0  -22.03050350   -1.23424783    3.88033763   12.00000000
 C     6.0   18.60384320    1.70252796    0.65328541   12.00000000
 C     6.0  -18.73426640   -0.90129079   -0.43147126   12.00000000
 C     6.0   19.16384420   -3.35940576    3.38095347   12.00000000
 C     6.0  -18.40480460    4.10217813   -2.90439098   12.00000000
 C     6.0   16.30081460    0.83570049    0.57447950   12.00000000
 C     6.0  -16.31084230   -0.53212249   -0.46676645   12.00000000
 C     6.0   14.00700720    2.39437919    0.74583827   12.00000000
 C     6.0  -14.35450020   -2.48469770   -0.88861315   12.00000000
 C     6.0   14.40963950    5.22478970    0.98718524   12.00000000
 C     6.0  -15.13479240   -5.28285442   -1.55783056   12.00000000
 C     6.0   11.62443350    1.27641564    0.36450819   12.00000000
 C     6.0  -11.78632760   -1.78098806   -0.58018742   12.00000000
 C     6.0    9.21451570    2.38793238    0.56265585   12.00000000
 C     6.0   -9.70958019   -3.31320107   -0.49305520   12.00000000
 C     6.0    7.16879848    0.99218275    0.31041857   12.00000000
 C     6.0   -7.29598636   -2.40018650   -0.39760734   12.00000000
 C     6.0    4.64322394    1.95880546    0.79207054   12.00000000
 C     6.0   -5.00100481   -3.65264072   -0.53369148   12.00000000
 C     6.0    4.18017200    4.62480747    1.11295295   12.00000000
 C     6.0   -5.20673247   -6.55317699   -0.94317148   12.00000000
 C     6.0    2.29067009    0.63863636    0.37899692   12.00000000
 C     6.0   -2.63709316   -2.34700270   -0.48994797   12.00000000
 C     6.0    2.04016893   -2.00342217   -0.40100771   12.00000000
 C     6.0   -0.16359899   -3.42834011   -0.52128839   12.00000000
 H     1.0   26.50031570   -0.33505967    0.63613816    1.00782504
 H     1.0   27.05263950    0.57311913   -2.20900291    1.00782504
 H     1.0  -23.73873710    3.00130511    3.94016249    1.00782504
 H     1.0  -26.67360350    2.01876820    2.93818021    1.00782504
 H     1.0   26.71771880   -3.92238072   -1.79984166    1.00782504
 H     1.0   23.92127800   -3.35973663   -3.29502670    1.00782504
 H     1.0  -26.20455420    6.09847101    0.89161792    1.00782504
 H     1.0  -26.42962480    3.18293086   -1.30441168    1.00782504
 H     1.0   24.70409380   -4.30078025    2.53712963    1.00782504
 H     1.0   22.56440920   -5.73352718    0.40989161    1.00782504
 H     1.0  -21.88148000    6.52585372   -0.00129382    1.00782504
 H     1.0  -22.81755940    6.35633543   -2.94892563    1.00782504
 H     1.0   22.15062320    0.17784593   -4.54646096    1.00782504
 H     1.0   23.61900420    2.65987495   -4.80854971    1.00782504
 H     1.0   20.30650220    2.69143438   -3.86906398    1.00782504
 H     1.0   24.04981440    3.96220142    2.33147671    1.00782504
 H     1.0   22.41681970    5.22586292   -0.46327473    1.00782504
 H     1.0   25.68015280    4.03073706   -0.39924510    1.00782504
 H     1.0  -25.50525120   -0.86109555   -1.60315237    1.00782504
 H     1.0  -26.33785910   -2.15032640    1.20030477    1.00782504
 H     1.0  -23.68115420   -3.47072142   -0.01243608    1.00782504
 H     1.0  -21.30690420    0.02976749    5.30265960    1.00782504
 H     1.0  -20.85779250   -2.67695313    3.50148656    1.00782504
 H     1.0  -23.54238650   -2.26282695    5.15940324    1.00782504
 H     1.0   18.91999790    3.71779525    0.83151580    1.00782504
 H     1.0  -19.29092540   -2.76399021   -0.78007848    1.00782504
 H     1.0   18.09463760   -1.74717489    4.23887410    1.00782504
 H     1.0   20.06746700   -4.08284795    4.77812433    1.00782504
 H     1.0   18.02694050   -4.87830027    2.33016271    1.00782504
 H     1.0  -17.40377730    2.57789483   -4.39790605    1.00782504
 H     1.0  -16.84849220    5.29865982   -1.79723058    1.00782504
 H     1.0  -19.57757570    5.34300094   -4.21650676    1.00782504
 H     1.0   16.26075740   -1.08977268    0.20933552    1.00782504
 H     1.0  -15.64920280    1.49350013   -0.79777410    1.00782504
 H     1.0   15.24873190    5.61315123    2.77479288    1.00782504
 H     1.0   12.58876750    6.21951174    0.82764842    1.00782504
 H     1.0   15.85193130    6.38186617   -0.33900360    1.00782504
 H     1.0  -16.66688680   -4.79699499   -3.01529177    1.00782504
 H     1.0  -16.38222250   -6.01398612   -0.08972377    1.00782504
 H     1.0  -13.37550750   -6.22535900   -2.63257068    1.00782504
 H     1.0   11.38693440   -0.97016216    0.26952391    1.00782504
 H     1.0  -11.13985030    0.34896694   -0.67087283    1.00782504
 H     1.0    9.07666656    4.20945121    0.37559906    1.00782504
 H     1.0  -10.21109720   -5.39895063   -0.77833398    1.00782504
 H     1.0    7.42945223   -0.95496469   -0.30801064    1.00782504
 H     1.0   -7.16480676   -0.31521671   -0.55776643    1.00782504
 H     1.0    5.74330732    5.58717679    2.51138662    1.00782504
 H     1.0    1.79494233    5.27509363    2.01114258    1.00782504
 H     1.0    4.18717251    5.57941689   -0.93218501    1.00782504
 H     1.0   -6.52248097   -6.65227952   -2.61442319    1.00782504
 H     1.0   -5.94680618   -7.63026015    0.62215759    1.00782504
 H     1.0   -3.36957091   -7.25138243   -1.61143509    1.00782504
 H     1.0    0.59362104    1.50193361    0.49375248    1.00782504
 H     1.0   -2.74226877   -0.30350248   -0.74791974    1.00782504
 H     1.0    3.67652102   -3.16867506   -0.81369050    1.00782504
 H     1.0   -0.31829849   -5.57500618   -0.58951030    1.00782504
