 C     6.0   23.14576063    1.13642460   -0.98426575   12.00000000
 C     6.0  -23.06142593   -0.11506542    1.48144891   12.00000000
 C     6.0   25.53320283   -0.53373425   -0.74260757   12.00000000
 C     6.0  -24.73993737    2.09846528    2.38670332   12.00000000
 C     6.0   24.96135281   -3.34674278   -1.00671569   12.00000000
 C     6.0  -25.28506667    4.02275451    0.31236984   12.00000000
 C     6.0   20.88028135   -0.01041239    0.48287983   12.00000000
 C     6.0  -20.77005741    0.86420956   -0.06572656   12.00000000
 C     6.0   23.19336283   -4.14535994    1.12761659   12.00000000
 C     6.0  -22.80395074    5.15407685   -0.63940962   12.00000000
 C     6.0   20.99440191   -2.36561586    1.53772496   12.00000000
 C     6.0  -20.72466618    3.23657174   -1.08676449   12.00000000
 C     6.0   22.42127742    1.42976679   -3.80184741   12.00000000
 C     6.0   23.84514827    3.77435001    0.06914319   12.00000000
 C     6.0  -24.64049998   -1.94823205   -0.16336871   12.00000000
 C     6.0  -22.16066907   -1.54010790    3.86790846   12.00000000
 C     6.0   18.65492096    1.61307023    0.63693030   12.00000000
 C     6.0  -18.76078720   -0.99490301   -0.41336058   12.00000000
 C     6.0   19.02793400   -3.44158813    3.30117959   12.00000000
 C     6.0  -18.64366197    4.21074446   -2.77822056   12.00000000
 C     6.0   16.17578925    0.87271332    0.54030861   12.00000000
 C     6.0  -16.20589636   -0.58768593   -0.42554932   12.00000000
 C     6.0   14.01254415    2.50110923    0.65750942   12.00000000
 C     6.0  -14.28565115   -2.47862149   -0.72852911   12.00000000
 C     6.0   14.40339621    5.30175895    1.01449758   12.00000000
 C     6.0  -15.05856804   -5.18291407   -1.18750579   12.00000000
 C     6.0   11.63043098    1.41961896    0.43059111   12.00000000
 C     6.0  -11.77518778   -1.72868367   -0.57644395   12.00000000
 C     6.0    9.24733515    2.61836674    0.48809547   12.00000000
 C     6.0   -9.57388360   -3.22196416   -0.79746632   12.00000000
 C     6.0    6.98557863    1.31101640    0.23765007   12.00000000
 C     6.0   -7.15703726   -2.22078725   -0.60599927   12.00000000
 C     6.0    4.53320544    2.37625502    0.28275783   12.00000000
 C     6.0   -4.84365343   -3.55381897   -0.79294987   12.00000000
 C     6.0    4.25114492    5.19752165    0.64515061   12.00000000
 C     6.0   -4.89118004   -6.36986995   -1.25241788   12.00000000
 C     6.0    2.31750155    0.93307118    0.00742473   12.00000000
 C     6.0   -2.58892669   -2.18773594   -0.53379283   12.00000000
 C     6.0    2.12044091   -1.68520107   -0.37120079   12.00000000
 C     6.0   -0.10304866   -3.10555703   -0.62941297   12.00000000
 H     1.0   26.39909424   -0.21032652    1.11707192    1.00782504
 H     1.0   26.92275625    0.08305346   -2.15192752    1.00782504
 H     1.0  -23.78120372    3.06462556    3.95470358    1.00782504
 H     1.0  -26.50119992    1.32715466    3.16328627    1.00782504
 H     1.0   26.70691173   -4.46041508   -0.95361439    1.00782504
 H     1.0   24.07085716   -3.72884540   -2.83906974    1.00782504
 H     1.0  -26.53173790    5.52041916    1.01489443    1.00782504
 H     1.0  -26.28544989    3.11651744   -1.26009017    1.00782504
 H     1.0   24.26438401   -4.30999288    2.90815435    1.00782504
 H     1.0   22.44304707   -6.05284950    0.78124869    1.00782504
 H     1.0  -22.11017559    6.56324563    0.73173786    1.00782504
 H     1.0  -23.12599787    6.22307603   -2.38814329    1.00782504
 H     1.0   22.05056985   -0.40137783   -4.68858250    1.00782504
 H     1.0   23.94609744    2.35718769   -4.85442487    1.00782504
 H     1.0   20.70979026    2.57146373   -4.00930155    1.00782504
 H     1.0   24.13488108    3.71166779    2.11717168    1.00782504
 H     1.0   22.41232012    5.20651675   -0.33818728    1.00782504
 H     1.0   25.60886746    4.42110877   -0.80249299    1.00782504
 H     1.0  -25.41560895   -1.00506974   -1.83105203    1.00782504
 H     1.0  -26.21870476   -2.72207491    0.93335274    1.00782504
 H     1.0  -23.50836506   -3.54643014   -0.82836334    1.00782504
 H     1.0  -20.92435354   -0.34814425    5.02160516    1.00782504
 H     1.0  -21.12099845   -3.26608926    3.41136952    1.00782504
 H     1.0  -23.79178618   -2.07917118    5.02570586    1.00782504
 H     1.0   19.01837199    3.63282842    0.69061742    1.00782504
 H     1.0  -19.38923452   -2.94931447   -0.52842601    1.00782504
 H     1.0   17.81200862   -1.99607992    4.12610174    1.00782504
 H     1.0   19.96684443   -4.46699132    4.84172213    1.00782504
 H     1.0   17.80951418   -4.83010220    2.35083632    1.00782504
 H     1.0  -17.53212506    2.69807538   -3.62940990    1.00782504
 H     1.0  -17.33126607    5.44928987   -1.74763951    1.00782504
 H     1.0  -19.44785382    5.36617971   -4.29926112    1.00782504
 H     1.0   15.76464153   -1.12484058    0.28767112    1.00782504
 H     1.0  -15.52075726    1.32286498   -0.10586435    1.00782504
 H     1.0   15.47269774    5.68733867    2.74714968    1.00782504
 H     1.0   12.62901896    6.34282797    1.12897719    1.00782504
 H     1.0   15.49767992    6.10457130   -0.55380503    1.00782504
 H     1.0  -16.27430445   -5.33424334   -2.85862841    1.00782504
 H     1.0  -16.14625661   -5.92837324    0.41356467    1.00782504
 H     1.0  -13.44391044   -6.43015222   -1.47438512    1.00782504
 H     1.0   11.58912157   -0.62540486    0.17583713    1.00782504
 H     1.0  -11.45281940    0.27924483   -0.23963806    1.00782504
 H     1.0    9.17582791    4.65388524    0.73929677    1.00782504
 H     1.0   -9.77400560   -5.23773503   -1.12610859    1.00782504
 H     1.0    7.13392213   -0.72412416   -0.01307879    1.00782504
 H     1.0   -7.01424956   -0.19250640   -0.27176340    1.00782504
 H     1.0    5.09239430    5.82394697    2.43343625    1.00782504
 H     1.0    2.26364435    5.75763648    0.65478822    1.00782504
 H     1.0    5.19685836    6.25724227   -0.86525079    1.00782504
 H     1.0   -5.93049162   -6.81975705   -2.98756442    1.00782504
 H     1.0   -5.84651219   -7.36059667    0.29742211    1.00782504
 H     1.0   -3.00419401   -7.17585704   -1.43551345    1.00782504
 H     1.0    0.55926256    1.99417130    0.09675209    1.00782504
 H     1.0   -2.82525584   -0.16920608   -0.21416455    1.00782504
 H     1.0    3.86477151   -2.76434808   -0.48768351    1.00782504
 H     1.0    0.16491451   -5.11924920   -0.92730940    1.00782504
