 Mg   12.0  -13.39551267    1.30374285    0.25431934   23.98504500
 C     6.0   -9.39717342   -3.84268061    0.97933167   12.00000000
 C     6.0   -8.75103826    5.14175772    2.52820790   12.00000000
 C     6.0  -17.31455900    6.32718293   -0.59741802   12.00000000
 C     6.0  -18.13528596   -2.76024548   -1.82400146   12.00000000
 N     7.0   -9.57575254    0.68969524    1.52797586   14.00307401
 C     6.0   -8.28404914   -1.56011821    1.61048130   12.00000000
 C     6.0   -5.55764676   -1.15976272    2.43370270   12.00000000
 C     6.0   -5.61864712    1.58088819    3.46863011   12.00000000
 C     6.0   -8.11641154    2.58826529    2.43553573   12.00000000
 C     6.0   -5.52512458    1.70698962    6.36962429   12.00000000
 C     6.0   -3.69227920   -1.54101497    0.22548212   12.00000000
 C     6.0   -0.92437844   -1.44684992    1.03955724   12.00000000
 C     6.0    0.90024663   -1.91329102   -1.12115562   12.00000000
 O     8.0    0.31601890   -2.61082673   -3.21393282   15.99491464
 O     8.0    3.29706188   -1.46814713   -0.40702811   15.99491464
 N     7.0  -13.07467496    5.09030048    0.83635499   14.00307401
 C     6.0  -11.02311268    6.32604909    1.77494417   12.00000000
 C     6.0  -11.52269958    9.02701576    1.90979502   12.00000000
 C     6.0  -13.95621331    9.37487654    1.00408708   12.00000000
 C     6.0  -14.91664772    6.86180535    0.35802751   12.00000000
 C     6.0   -9.73405490   10.97298014    2.91683008   12.00000000
 C     6.0  -15.41978730   11.69876726    0.74479776   12.00000000
 C     6.0  -14.53906154   14.06899405    0.48116207   12.00000000
 N     7.0  -17.08868004    1.70670805   -1.00799882   14.00307401
 C     6.0  -18.34391172    3.94391702   -1.22588424   12.00000000
 C     6.0  -20.88462961    3.51914438   -2.18097072   12.00000000
 C     6.0  -21.12320754    0.94303192   -2.52000649   12.00000000
 C     6.0  -18.71632005   -0.16599165   -1.77821339   12.00000000
 C     6.0  -22.80423231    5.54326784   -2.67216724   12.00000000
 C     6.0  -23.36083225   -0.48255858   -3.53754842   12.00000000
 C     6.0  -23.25455405   -0.95015241   -6.40513224   12.00000000
 N     7.0  -13.78063885   -2.44891310   -0.31957159   14.00307401
 C     6.0  -15.83002795   -3.87197137   -1.14515514   12.00000000
 C     6.0  -15.17669293   -6.54200322   -1.18017176   12.00000000
 C     6.0  -12.67873954   -6.62515117   -0.35570315   12.00000000
 C     6.0  -11.92458764   -4.09089614    0.13868700   12.00000000
 C     6.0  -16.83921729   -8.69850199   -1.93772518   12.00000000
 C     6.0  -10.56322893   -8.31381044    0.19358355   12.00000000
 O     8.0  -10.41730428  -10.59193198    0.09675398   15.99491464
 C     6.0   -8.28064763   -6.50237566    1.00081786   12.00000000
 C     6.0   -7.18789460   -7.37038545    3.50729391   12.00000000
 O     8.0   -7.65237039   -6.46314494    5.55090044   15.99491464
 O     8.0   -5.63493656   -9.34688781    3.17090376   15.99491464
 C     6.0   -4.66431653  -10.50761429    5.40251914   12.00000000
 C     6.0    5.23323748   -1.92143574   -2.27957663   12.00000000
 C     6.0    7.73725688   -1.35606747   -1.10329771   12.00000000
 C     6.0    9.58856488    0.12468413   -2.02555965   12.00000000
 C     6.0    9.42653977    1.56274682   -4.48311069   12.00000000
 C     6.0   12.04736315    0.40443919   -0.58572061   12.00000000
 C     6.0   14.37191526   -0.72943429   -1.92024521   12.00000000
 C     6.0   16.79467644   -0.47485038   -0.35404019   12.00000000
 C     6.0   19.23854587   -1.39975794   -1.64268224   12.00000000
 C     6.0   19.16225762   -4.24477843   -2.20648203   12.00000000
 C     6.0   21.55506665   -0.66119628   -0.03698194   12.00000000
 C     6.0   24.13866242   -1.08640355   -1.27737928   12.00000000
 C     6.0   26.34293347   -0.15454180    0.35587323   12.00000000
 C     6.0   28.99013743   -0.36475494   -0.84321470   12.00000000
 C     6.0   29.74555545   -3.12092050   -1.34404881   12.00000000
 C     6.0   30.94912202    1.02372134    0.80689416   12.00000000
 C     6.0   33.59269770    1.31334077   -0.34290970   12.00000000
 C     6.0   35.37945266    2.88217250    1.31220693   12.00000000
 C     6.0   38.12072718    3.10323267    0.35687478   12.00000000
 C     6.0   38.31168401    4.47252822   -2.19274372   12.00000000
 C     6.0   39.79249230    4.39831868    2.34055810   12.00000000
 H     1.0   -7.29269881    6.38759558    3.28695184    1.00782504
 H     1.0  -18.55901925    7.94310664   -0.89595695    1.00782504
 H     1.0  -19.62924675   -4.03471458   -2.45774001    1.00782504
 H     1.0   -5.08587663   -2.50415169    3.95194647    1.00782504
 H     1.0   -4.04227538    2.71047199    2.70591775    1.00782504
 H     1.0   -3.71701571    0.95510538    7.07844166    1.00782504
 H     1.0   -5.72093800    3.66278057    7.05223116    1.00782504
 H     1.0   -7.05827828    0.57562948    7.20832254    1.00782504
 H     1.0   -4.04503438   -3.37004310   -0.69849947    1.00782504
 H     1.0   -4.04586586   -0.10170506   -1.24035954    1.00782504
 H     1.0   -0.41515393    0.37118001    1.92005624    1.00782504
 H     1.0   -0.53190121   -2.88948574    2.49766993    1.00782504
 H     1.0   -8.56238690   11.81853810    1.40949003    1.00782504
 H     1.0  -10.76567529   12.53079477    3.83140084    1.00782504
 H     1.0   -8.43048402   10.16461199    4.32055645    1.00782504
 H     1.0  -17.47643294   11.45421780    0.75511567    1.00782504
 H     1.0  -15.84503237   15.66156075    0.32221720    1.00782504
 H     1.0  -12.52606857   14.50567197    0.36679584    1.00782504
 H     1.0  -22.19666647    6.83158863   -4.19581562    1.00782504
 H     1.0  -24.63452656    4.73935944   -3.23891500    1.00782504
 H     1.0  -23.13654065    6.71941448   -0.98350797    1.00782504
 H     1.0  -23.53652009   -2.31077412   -2.55135705    1.00782504
 H     1.0  -25.10550300    0.56232770   -3.08403305    1.00782504
 H     1.0  -24.92924825   -2.00520541   -7.05372404    1.00782504
 H     1.0  -23.18098701    0.84644802   -7.45391135    1.00782504
 H     1.0  -21.56313578   -2.04443612   -6.92922889    1.00782504
 H     1.0  -17.47975886   -8.51659695   -3.91352833    1.00782504
 H     1.0  -15.81766914  -10.49629294   -1.75141708    1.00782504
 H     1.0  -18.55117688   -8.79890314   -0.75222438    1.00782504
 H     1.0   -6.80960922   -6.79392450   -0.44763833    1.00782504
 H     1.0   -3.55621892   -9.15139564    6.52528103    1.00782504
 H     1.0   -6.21196444  -11.23249434    6.58745302    1.00782504
 H     1.0   -3.46080665  -12.06977530    4.76394289    1.00782504
 H     1.0    5.10037083   -3.91904634   -2.87085304    1.00782504
 H     1.0    4.82898726   -0.77645067   -3.96500447    1.00782504
 H     1.0    8.05796231   -2.31230669    0.70687096    1.00782504
 H     1.0    7.51275742    1.60133503   -5.28507266    1.00782504
 H     1.0   10.05251155    3.53358000   -4.21386251    1.00782504
 H     1.0   10.68659025    0.73612392   -5.92485834    1.00782504
 H     1.0   12.40197025    2.43776561   -0.24534314    1.00782504
 H     1.0   11.84931985   -0.47857314    1.29126876    1.00782504
 H     1.0   13.98089313   -2.73399908   -2.33772351    1.00782504
 H     1.0   14.65628125    0.20325894   -3.76594072    1.00782504
 H     1.0   17.04007628    1.53511902    0.15794331    1.00782504
 H     1.0   16.55698669   -1.49163643    1.45816938    1.00782504
 H     1.0   19.39979620   -0.38935917   -3.46959387    1.00782504
 H     1.0   17.54710870   -4.75341711   -3.41433828    1.00782504
 H     1.0   20.87947066   -4.88460190   -3.18985771    1.00782504
 H     1.0   19.00032699   -5.34441007   -0.44047626    1.00782504
 H     1.0   21.38903531    1.35884537    0.46723479    1.00782504
 H     1.0   21.48002562   -1.70011101    1.77696617    1.00782504
 H     1.0   24.38791730   -3.10922310   -1.70566681    1.00782504
 H     1.0   24.18530086   -0.09934290   -3.12008902    1.00782504
 H     1.0   26.00111981    1.84635692    0.84767445    1.00782504
 H     1.0   26.33958866   -1.18761729    2.17475353    1.00782504
 H     1.0   28.91796879    0.62345845   -2.68787086    1.00782504
 H     1.0   29.84822427   -4.19558886    0.44178018    1.00782504
 H     1.0   28.38045508   -4.08645717   -2.58121472    1.00782504
 H     1.0   31.60377985   -3.25858705   -2.26814379    1.00782504
 H     1.0   30.20923755    2.92769601    1.24268390    1.00782504
 H     1.0   31.09820252    0.04480541    2.64950942    1.00782504
 H     1.0   34.44770429   -0.56366751   -0.66055377    1.00782504
 H     1.0   33.41304144    2.18830286   -2.22938551    1.00782504
 H     1.0   34.59179591    4.80515782    1.55475328    1.00782504
 H     1.0   35.41479054    2.04528839    3.22593258    1.00782504
 H     1.0   38.84713791    1.15908242    0.08966751    1.00782504
 H     1.0   37.56322018    6.41518558   -2.05059852    1.00782504
 H     1.0   40.29253274    4.61036485   -2.82187134    1.00782504
 H     1.0   37.25107522    3.49656026   -3.69314847    1.00782504
 H     1.0   39.74611842    3.38374361    4.15921163    1.00782504
 H     1.0   41.77780078    4.49488368    1.71789334    1.00782504
 H     1.0   39.15132712    6.35150181    2.69561874    1.00782504
