 C     6.0   -6.88886245   -0.51999594    0.00062739   12.00000000
 C     6.0   -4.28747301   -0.51652640    0.00028157   12.00000000
 C     6.0   -2.91212466    1.79006576    0.00045164   12.00000000
 C     6.0   -4.28121235    4.12811619    0.00097510   12.00000000
 C     6.0   -6.96575162    4.05746877    0.00131147   12.00000000
 C     6.0   -8.24187612    1.79057787    0.00114706   12.00000000
 H     1.0    0.80685259    0.08452745   -0.00030236    1.00782504
 H     1.0   -7.91652953   -2.29798446    0.00050078    1.00782504
 H     1.0   -3.24449347   -2.28770435   -0.00011716    1.00782504
 C     6.0   -0.22757972    1.86071128    0.00011149   12.00000000
 C     6.0   -2.90587345    6.43472724    0.00113950   12.00000000
 H     1.0   -8.00019905    5.83364315    0.00171587    1.00782504
 H     1.0  -10.29531490    1.76440139    0.00141729    1.00782504
 C     6.0   -0.30449157    6.43818544    0.00079935   12.00000000
 C     6.0    1.04852399    4.12761163    0.00028535   12.00000000
 H     1.0   -3.94886999    8.20589007    0.00153257    1.00782504
 H     1.0    0.72320953    8.21615695    0.00093541    1.00782504
 H     1.0    3.10196088    4.15380323    0.00002079    1.00782504
