 O     8.0  -26.39359703   -4.02218759    2.03221148   15.99491464
 O     8.0   27.73569942    1.89766109    1.63370604   15.99491464
 C     6.0  -22.27541135    0.44227150    2.36950870   12.00000000
 C     6.0  -20.67585267    0.24373688   -0.08989427   12.00000000
 C     6.0  -22.54520755   -2.20712453    3.53083990   12.00000000
 C     6.0  -23.70544271   -4.17308222    1.77233635   12.00000000
 C     6.0  -21.62234090   -1.85023086   -1.81884251   12.00000000
 C     6.0   21.01063655   -0.00699388    3.34814117   12.00000000
 C     6.0  -20.98741182    2.18979575    4.28391466   12.00000000
 C     6.0  -24.87227300    1.56567590    1.72299560   12.00000000
 C     6.0   23.56955250    1.35899466    3.52537859   12.00000000
 C     6.0  -22.91933553   -3.81974123   -0.93488531   12.00000000
 C     6.0   25.38293370    0.62404237    1.42791486   12.00000000
 C     6.0   20.05110921   -0.05943378    0.60439111   12.00000000
 C     6.0  -17.88939479   -0.15533549    0.36462266   12.00000000
 C     6.0   24.24363671    1.36462604   -1.08804762   12.00000000
 C     6.0   21.50759673    0.60801749   -1.37384980   12.00000000
 C     6.0   19.14678077    1.41394789    5.07100449   12.00000000
 C     6.0   21.25410886   -2.73626864    4.32887124   12.00000000
 C     6.0  -20.94256861   -1.59831147   -4.56240360   12.00000000
 C     6.0  -16.07707184    1.43456670   -0.39419687   12.00000000
 C     6.0   17.41443103   -0.92354885    0.29035642   12.00000000
 C     6.0   20.60421315    0.77380317   -4.06746543   12.00000000
 C     6.0  -13.35522370    1.11473055   -0.03076474   12.00000000
 C     6.0   16.65321155   -2.76733574   -1.27142664   12.00000000
 C     6.0  -12.46495483   -1.23934098    1.28599643   12.00000000
 C     6.0   14.03505268   -3.61911089   -1.62977541   12.00000000
 C     6.0  -11.79585949    2.94604336   -0.88868151   12.00000000
 C     6.0   13.74770092   -6.38619907   -2.22955558   12.00000000
 C     6.0   12.08521436   -1.98393087   -1.44531924   12.00000000
 C     6.0   -9.07047757    3.03727933   -0.73321374   12.00000000
 C     6.0    9.41892417   -2.54729603   -1.64959863   12.00000000
 C     6.0   -7.70042612    4.99669857   -1.60275232   12.00000000
 C     6.0   -4.94632036    5.22934275   -1.55607609   12.00000000
 C     6.0    7.61621993   -0.75430497   -1.50766130   12.00000000
 C     6.0    4.90391490   -1.15273483   -1.68697742   12.00000000
 C     6.0   -3.97324368    7.90277611   -1.45350175   12.00000000
 C     6.0   -3.43865905    3.16625314   -1.63124939   12.00000000
 C     6.0    3.36214404    0.88546708   -1.52508458   12.00000000
 C     6.0    3.96984217   -3.81207083   -2.05091977   12.00000000
 C     6.0   -0.71771799    3.09890330   -1.50172756   12.00000000
 C     6.0    0.64375410    0.94743120   -1.66331804   12.00000000
 H     1.0  -20.87824234    2.04271836   -1.10524412    1.00782504
 H     1.0  -23.70559388   -2.12161443    5.24092866    1.00782504
 H     1.0  -20.67528575   -2.87650332    4.11710853    1.00782504
 H     1.0  -23.09067700   -6.05970920    2.40189861    1.00782504
 H     1.0  -19.15959311    1.45369072    4.90159054    1.00782504
 H     1.0  -20.66152854    4.06533004    3.47384576    1.00782504
 H     1.0  -22.18360846    2.42240214    5.95473491    1.00782504
 H     1.0  -25.87781518    0.43841646    0.32414472    1.00782504
 H     1.0  -26.06195009    1.64629161    3.41108795    1.00782504
 H     1.0  -24.65947095    3.49399024    1.00193280    1.00782504
 H     1.0   23.28477077    3.40838375    3.41040765    1.00782504
 H     1.0   24.41429788    0.97343384    5.38082509    1.00782504
 H     1.0  -23.51558192   -5.29180009   -2.24813159    1.00782504
 H     1.0   25.68697174   -1.43290563    1.45367183    1.00782504
 H     1.0  -17.37777034   -1.89484729    1.33303171    1.00782504
 H     1.0   25.35430435    0.54777302   -2.63393808    1.00782504
 H     1.0   24.42737478    3.42268898   -1.29332857    1.00782504
 H     1.0   17.37223344    0.38894154    5.31797280    1.00782504
 H     1.0   18.71599880    3.29207111    4.32178477    1.00782504
 H     1.0   19.97984764    1.65587063    6.94842850    1.00782504
 H     1.0   22.66278631   -3.80955749    3.26544676    1.00782504
 H     1.0   19.45503289   -3.73614163    4.15760536    1.00782504
 H     1.0   21.80590890   -2.74575506    6.32334489    1.00782504
 H     1.0  -18.90077622   -1.36173665   -4.79465094    1.00782504
 H     1.0  -21.83555870    0.08101256   -5.38256364    1.00782504
 H     1.0  -21.53974097   -3.24422513   -5.65487317    1.00782504
 H     1.0  -27.14334587   -5.03829333    0.71751012    1.00782504
 H     1.0   15.99904505   -0.05215833    1.49987563    1.00782504
 H     1.0  -16.63985118    3.15657964   -1.37296162    1.00782504
 H     1.0   21.39026363   -0.76260087   -5.21398117    1.00782504
 H     1.0   18.55484295    0.70616987   -4.23404478    1.00782504
 H     1.0   21.28128313    2.53704993   -4.91746424    1.00782504
 H     1.0   28.49680552    1.41831316    3.21848706    1.00782504
 H     1.0   18.08522711   -3.79468535   -2.33555032    1.00782504
 H     1.0  -10.41707751   -1.32407630    1.46663535    1.00782504
 H     1.0  -13.27162222   -1.35977134    3.18764673    1.00782504
 H     1.0  -13.08319763   -2.92745034    0.26184045    1.00782504
 H     1.0  -12.67038695    4.56652131   -1.80844901    1.00782504
 H     1.0   14.31303139   -7.55406872   -0.61614521    1.00782504
 H     1.0   11.82577386   -6.90791467   -2.75272626    1.00782504
 H     1.0   14.98940217   -6.90799025   -3.80144868    1.00782504
 H     1.0   12.54296272   -0.00391362   -1.13226721    1.00782504
 H     1.0   -8.08901051    1.47029953    0.15662050    1.00782504
 H     1.0    8.86323130   -4.50329485   -1.91633348    1.00782504
 H     1.0   -8.72010345    6.61530569   -2.36758118    1.00782504
 H     1.0    8.21335449    1.19625144   -1.23300851    1.00782504
 H     1.0   -1.93413470    8.03498135   -1.70315347    1.00782504
 H     1.0   -4.45780726    8.79442448    0.35073317    1.00782504
 H     1.0   -4.86156614    9.04120382   -2.93631316    1.00782504
 H     1.0   -4.35067868    1.33554316   -1.84170819    1.00782504
 H     1.0    4.26360010    2.71746208   -1.26422678    1.00782504
 H     1.0    4.59530373   -5.02497265   -0.49595862    1.00782504
 H     1.0    1.91795864   -3.92679610   -2.15141541    1.00782504
 H     1.0    4.73325374   -4.62200745   -3.79511810    1.00782504
 H     1.0    0.29583663    4.86764917   -1.24827749    1.00782504
 H     1.0   -0.37010286   -0.82184378   -1.91039974    1.00782504
