 C     6.0   22.86063410    1.22142768   -1.49442835   12.00000000
 C     6.0  -22.96015930   -0.00368072    1.68083344   12.00000000
 C     6.0   25.26152030   -0.52601489   -1.44199645   12.00000000
 C     6.0  -24.45279290    2.42836025    2.26346967   12.00000000
 C     6.0   24.63854010   -3.25398115   -1.27907877   12.00000000
 C     6.0  -25.01137230    4.03858843    0.23850968   12.00000000
 C     6.0   20.84105320    0.14438636    0.33633565   12.00000000
 C     6.0  -20.69825870    0.97366676   -0.21207631   12.00000000
 C     6.0   23.08748550   -4.01442748    1.02822615   12.00000000
 C     6.0  -22.60535600    5.11641674   -0.97962966   12.00000000
 C     6.0   21.29950900   -2.23645833    1.53735130   12.00000000
 C     6.0  -20.68658560    3.14315749   -1.40862584   12.00000000
 C     6.0   21.82337040    1.30005765   -4.13437368   12.00000000
 C     6.0   23.48956640    3.82207862   -0.68300729   12.00000000
 C     6.0  -24.51352930   -1.73369358    0.07278469   12.00000000
 C     6.0  -21.79883020   -1.30060566    4.00067769   12.00000000
 C     6.0   18.59643180    1.93815486    0.84266945   12.00000000
 C     6.0  -18.65242190   -0.97603014   -0.52746574   12.00000000
 C     6.0   19.49749040   -3.32841589    3.67061442   12.00000000
 C     6.0  -18.69205060    4.00345688   -3.16506722   12.00000000
 C     6.0   16.22725930    1.02944245    0.81134777   12.00000000
 C     6.0  -16.23224650   -0.48891649   -0.82939284   12.00000000
 C     6.0   13.96122960    2.50446245    1.02899000   12.00000000
 C     6.0  -14.41335570   -2.75081088   -1.07884851   12.00000000
 C     6.0   14.30549240    5.34080013    1.28949947   12.00000000
 C     6.0  -15.03132540   -5.33475385   -1.21362836   12.00000000
 C     6.0   11.56570110    1.35704444    0.56428990   12.00000000
 C     6.0  -11.78691150   -1.96962001   -0.94199114   12.00000000
 C     6.0    9.27924930    2.53025517    0.66617604   12.00000000
 C     6.0   -9.41738108   -3.26959728   -0.88511820   12.00000000
 C     6.0    7.08914535    1.20396321    0.56294553   12.00000000
 C     6.0   -7.22052967   -2.35233171   -0.75794222   12.00000000
 C     6.0    4.35244051    2.32383728    0.43121167   12.00000000
 C     6.0   -4.73703988   -3.65734646   -0.69554257   12.00000000
 C     6.0    4.07212978    5.09565154    0.91659557   12.00000000
 C     6.0   -4.74249838   -6.31524968   -0.91337772   12.00000000
 C     6.0    2.23387795    0.82223677    0.41036523   12.00000000
 C     6.0   -2.65379899   -2.21525883   -0.04672963   12.00000000
 C     6.0    2.08101973   -1.91043923    0.22084272   12.00000000
 C     6.0   -0.11703709   -3.14149984    0.00390929   12.00000000
 H     1.0   26.23734600   -0.19250358    0.32102559    1.00782504
 H     1.0   26.76258890    0.12714058   -3.01503954    1.00782504
 H     1.0  -23.59723650    3.44386186    4.00123233    1.00782504
 H     1.0  -26.23733080    1.61374971    3.16942190    1.00782504
 H     1.0   26.53738980   -4.17686856   -1.09066574    1.00782504
 H     1.0   23.85829800   -3.93843338   -2.85381460    1.00782504
 H     1.0  -26.30958020    5.55064637    0.78619422    1.00782504
 H     1.0  -26.26309690    3.12749244   -1.24658133    1.00782504
 H     1.0   24.57738920   -3.86487057    2.58961783    1.00782504
 H     1.0   22.42786050   -5.96521932    0.97454885    1.00782504
 H     1.0  -21.56107680    6.43207575    0.23256716    1.00782504
 H     1.0  -22.92184670    5.91457244   -2.81492217    1.00782504
 H     1.0   21.20207560   -0.73142743   -4.62414165    1.00782504
 H     1.0   23.08299580    2.47176214   -5.08451015    1.00782504
 H     1.0   19.97811420    2.05494071   -4.49034336    1.00782504
 H     1.0   23.77885200    4.05092307    1.56344766    1.00782504
 H     1.0   21.56094930    4.99489259   -0.85387265    1.00782504
 H     1.0   25.15098610    4.27289976   -1.81011911    1.00782504
 H     1.0  -25.01710640   -0.94902062   -1.66516355    1.00782504
 H     1.0  -26.56201560   -2.25161644    0.88888137    1.00782504
 H     1.0  -23.39915710   -3.54368747   -0.18098653    1.00782504
 H     1.0  -20.55665120    0.05244499    5.11434802    1.00782504
 H     1.0  -20.86691480   -3.33781149    3.58885711    1.00782504
 H     1.0  -23.26841100   -1.74776914    5.58696692    1.00782504
 H     1.0   19.19545810    3.93218572    1.20946234    1.00782504
 H     1.0  -19.42305420   -3.00232569   -0.63217570    1.00782504
 H     1.0   18.00583430   -1.98991343    4.67657216    1.00782504
 H     1.0   20.81402780   -4.13129088    5.05239544    1.00782504
 H     1.0   18.68257920   -5.38653299    2.79626214    1.00782504
 H     1.0  -17.70806820    2.39679167   -4.12944465    1.00782504
 H     1.0  -17.36789160    5.07574089   -2.40269832    1.00782504
 H     1.0  -19.90890230    5.09042754   -4.52949106    1.00782504
 H     1.0   16.04595350   -1.18265377    0.82708429    1.00782504
 H     1.0  -15.60201700    1.18834343   -0.52562091    1.00782504
 H     1.0   15.25840560    5.44675202    3.07841786    1.00782504
 H     1.0   12.54993170    6.60845309    1.22515214    1.00782504
 H     1.0   15.42236300    5.79121255   -0.32855424    1.00782504
 H     1.0  -15.81901210   -5.86073873   -3.00291313    1.00782504
 H     1.0  -15.58442150   -6.21531308    0.67864840    1.00782504
 H     1.0  -13.08238920   -6.23189551   -1.34484603    1.00782504
 H     1.0   11.41428320   -0.84573116   -0.08953157    1.00782504
 H     1.0  -11.49671040    0.00227904   -0.51560490    1.00782504
 H     1.0    8.97205225    4.48820015    0.79404377    1.00782504
 H     1.0   -9.43480143   -5.29644225   -1.29753378    1.00782504
 H     1.0    7.10798930   -0.87315256    0.79653825    1.00782504
 H     1.0   -7.21612811   -0.45194150   -0.30591557    1.00782504
 H     1.0    4.62186243    5.57753536    2.73707415    1.00782504
 H     1.0    1.93813002    5.32961585    0.85399284    1.00782504
 H     1.0    5.02404662    6.50708446   -0.57519587    1.00782504
 H     1.0   -6.16911331   -6.83988582   -2.54146831    1.00782504
 H     1.0   -5.76886377   -7.40807256    0.88824309    1.00782504
 H     1.0   -3.06161479   -7.76533711   -1.37174861    1.00782504
 H     1.0    0.31325866    2.03491925    0.51558591    1.00782504
 H     1.0   -3.24209857   -0.02309582    0.21780029    1.00782504
 H     1.0    4.02863944   -2.82782212    0.18346840    1.00782504
 H     1.0    0.26521800   -5.17316854    0.21693054    1.00782504
