 O     8.0   -8.04058061   -9.23374613    3.43876488   15.99491464
 O     8.0    5.64973879   -9.17827133    2.03830963   15.99491464
 O     8.0   13.14674345   -2.94287618    3.53984444   15.99491464
 O     8.0    7.17987271   -5.89547310   -0.14476436   15.99491464
 O     8.0   14.35177834   -1.02243443   -0.03717658   15.99491464
 O     8.0   -5.73369176    4.51548548   -0.74528153   15.99491464
 N     7.0   -0.49142895   -0.94121401   -1.11469464   14.00307401
 N     7.0    2.91976483    3.48782028   -0.70718087   14.00307401
 N     7.0   -6.19850959   -5.93160467    1.27899310   14.00307401
 N     7.0   -1.50241353    5.47738253   -0.15409205   14.00307401
 C     6.0    1.22332744   -4.49833432   -2.67783453   12.00000000
 C     6.0    1.77818883   -1.99873121   -1.83588973   12.00000000
 C     6.0   -1.39596526   -4.90644336   -2.37987007   12.00000000
 C     6.0   -2.44866933   -2.65862924   -1.33924891   12.00000000
 C     6.0    7.15335419    2.86923733   -0.52408153   12.00000000
 C     6.0    4.72231600    1.66625657   -1.05475064   12.00000000
 C     6.0    4.20936118   -0.82660589   -1.69178488   12.00000000
 C     6.0    6.67753437    5.35166283    0.17025866   12.00000000
 C     6.0    3.07259832   -6.33622716   -3.81071589   12.00000000
 C     6.0  -10.37635958   -5.29851051    2.54613573   12.00000000
 C     6.0   -6.76787840   -3.51534603    0.39813128   12.00000000
 C     6.0    3.96252704    5.72597979    0.06380849   12.00000000
 C     6.0   -9.43547250   -3.06203853    0.98182800   12.00000000
 C     6.0    9.65155135    1.53224853   -0.64328734   12.00000000
 C     6.0   -4.97346249   -1.93592238   -0.67134789   12.00000000
 C     6.0   -2.82207732   -7.16672778   -3.33882860   12.00000000
 C     6.0   -8.15098596   -7.13878440    2.52985952   12.00000000
 C     6.0    3.90920653   -8.48442247   -2.03661832   12.00000000
 C     6.0   10.15156343   -0.22443332    1.61482389   12.00000000
 C     6.0    8.52150646    7.35388247    0.94107794   12.00000000
 C     6.0    2.40602955    7.79416977    0.60999226   12.00000000
 C     6.0  -12.83784315   -6.56151086    1.69958000   12.00000000
 C     6.0  -10.94943982   -1.11902023    0.26140771   12.00000000
 C     6.0   -0.26608667    7.62977304    0.45708885   12.00000000
 C     6.0   -2.05793821    9.74090138    0.87937461   12.00000000
 C     6.0   -4.41300752    8.77775143    0.45531061   12.00000000
 C     6.0    5.73376924   -7.65962315    0.00587327   12.00000000
 C     6.0  -10.32339434    1.10948467   -1.33292211   12.00000000
 C     6.0   12.75793797   -1.38952318    1.55149917   12.00000000
 C     6.0   -6.96283011    9.99554575    0.53836975   12.00000000
 C     6.0   -4.05248746    6.04786062   -0.21222002   12.00000000
 C     6.0   -1.29274086   12.36504501    1.60529211   12.00000000
 C     6.0   -8.11519077   10.43210650   -2.09586691   12.00000000
 H     1.0   -0.74483745    0.75842647   -0.25058335    1.00782504
 H     1.0    5.81353458   -2.07603045   -2.00145808    1.00782504
 H     1.0    4.76435296   -5.33665085   -4.48720950    1.00782504
 H     1.0    2.21086241   -7.21665812   -5.49229814    1.00782504
 H     1.0  -10.58761963   -4.71251021    4.54403735    1.00782504
 H     1.0    9.77909652    0.40853233   -2.39338917    1.00782504
 H     1.0   11.19535366    2.91909586   -0.76392935    1.00782504
 H     1.0   -5.41940007    0.07955180   -0.84286510    1.00782504
 H     1.0    0.97829988    3.51784047   -0.99313612    1.00782504
 H     1.0   -2.78289007   -8.79534289   -2.03127040    1.00782504
 H     1.0   -4.81670404   -6.71634368   -3.70134799    1.00782504
 H     1.0   -1.99971008   -7.84106332   -5.12891893    1.00782504
 H     1.0   -4.43355640   -6.67582228    1.23464879    1.00782504
 H     1.0    2.28979438   -9.43543471   -1.14536490    1.00782504
 H     1.0    4.91131507   -9.95683660   -3.12972852    1.00782504
 H     1.0    8.78282346   -1.79215201    1.68684325    1.00782504
 H     1.0    9.95232961    0.79295365    3.42412517    1.00782504
 H     1.0    8.28596532    9.08171388   -0.20084387    1.00782504
 H     1.0   10.48624716    6.71734901    0.72207191    1.00782504
 H     1.0    8.25748715    7.90903110    2.93442532    1.00782504
 H     1.0    3.27341006    9.57755912    1.17020913    1.00782504
 H     1.0  -14.46456286   -5.28965525    1.94132322    1.00782504
 H     1.0  -13.17018361   -8.26977982    2.83760520    1.00782504
 H     1.0  -12.74248001   -7.11640437   -0.30402670    1.00782504
 H     1.0  -12.89695945   -1.21115382    0.96373954    1.00782504
 H     1.0   -9.26018528    2.57341204   -0.27852107    1.00782504
 H     1.0  -12.04932090    2.00169241   -2.07272532    1.00782504
 H     1.0   -9.08368675    0.62054449   -2.93352014    1.00782504
 H     1.0   -6.85997987   11.80313305    1.57080650    1.00782504
 H     1.0   -8.24982242    8.76205726    1.62466748    1.00782504
 H     1.0   -0.20513922   12.38591892    3.38560310    1.00782504
 H     1.0   -2.94588840   13.59743557    1.86418270    1.00782504
 H     1.0   -0.07876379   13.24158124    0.15198878    1.00782504
 H     1.0   -6.93705235   11.72337527   -3.22760499    1.00782504
 H     1.0  -10.02108162   11.26057378   -1.94873850    1.00782504
 H     1.0   -8.26798836    8.63283022   -3.12734557    1.00782504
 H     1.0    6.92772655   -8.57534098    3.21664647    1.00782504
 H     1.0   14.85278253   -3.60202588    3.35647487    1.00782504
