      DE/eV    lambda/nm    diff_rate        +/-error
      1.2097   1.0249E+03   3.61694587E-19   3.59690142E-19
      1.2147   1.0207E+03   1.17858058E-18   1.17057190E-18
      1.2197   1.0165E+03   3.69071476E-18   3.66013211E-18
      1.2247   1.0124E+03   1.11074864E-17   1.09957514E-17
      1.2297   1.0082E+03   3.21291462E-17   3.17382588E-17
      1.2347   1.0042E+03   8.93283075E-17   8.80181198E-17
      1.2397   1.0001E+03   2.38736743E-16   2.34527079E-16
      1.2447   9.9610E+02   6.13379924E-16   6.00409291E-16
      1.2497   9.9211E+02   1.51519010E-15   1.47685408E-15
      1.2547   9.8816E+02   3.59904733E-15   3.49033241E-15
      1.2597   9.8424E+02   8.22159849E-15   7.92573691E-15
      1.2647   9.8034E+02   1.80655006E-14   1.72927001E-14
      1.2697   9.7648E+02   3.81907831E-14   3.62531499E-14
      1.2747   9.7265E+02   7.76938489E-14   7.30301205E-14
      1.2797   9.6885E+02   1.52144326E-13   1.41367956E-13
      1.2847   9.6508E+02   2.86884044E-13   2.62978502E-13
      1.2897   9.6134E+02   5.21074764E-13   4.70163799E-13
      1.2947   9.5763E+02   9.12055628E-13   8.07967290E-13
      1.2997   9.5394E+02   1.53914682E-12   1.33485296E-12
      1.3047   9.5029E+02   2.50560770E-12   2.12070528E-12
      1.3097   9.4666E+02   3.93718829E-12   3.24109694E-12
      1.3147   9.4306E+02   5.97579755E-12   4.76747106E-12
      1.3197   9.3949E+02   8.76741289E-12   6.75415100E-12
      1.3247   9.3594E+02   1.24445121E-11   9.22464493E-12
      1.3297   9.3242E+02   1.71048788E-11   1.21609344E-11
      1.3347   9.2893E+02   2.27902716E-11   1.54995106E-11
      1.3397   9.2546E+02   2.94696861E-11   1.91362352E-11
      1.3447   9.2202E+02   3.70322840E-11   2.29388064E-11
      1.3497   9.1861E+02   4.52941591E-11   2.67620672E-11
      1.3547   9.1522E+02   5.40208326E-11   3.04600212E-11
      1.3597   9.1185E+02   6.29639373E-11   3.38913290E-11
      1.3647   9.0851E+02   7.19065408E-11   3.69218150E-11
      1.3697   9.0519E+02   8.07079256E-11   3.94337537E-11
      1.3747   9.0190E+02   8.93365867E-11   4.13514059E-11
      1.3797   8.9863E+02   9.78808578E-11   4.26826943E-11
      1.3847   8.9539E+02   1.06530565E-10   4.35612921E-11
      1.3897   8.9217E+02   1.15530038E-10   4.42589713E-11
      1.3947   8.8897E+02   1.25111054E-10   4.51351814E-11
      1.3997   8.8579E+02   1.35421249E-10   4.65157984E-11
      1.4047   8.8264E+02   1.46466546E-10   4.85515341E-11
      1.4097   8.7951E+02   1.58083472E-10   5.11495934E-11
      1.4147   8.7640E+02   1.69949299E-10   5.40270932E-11
      1.4197   8.7331E+02   1.81626953E-10   5.68386053E-11
      1.4247   8.7025E+02   1.92631593E-10   5.92958166E-11
      1.4297   8.6720E+02   2.02500012E-10   6.12352478E-11
      1.4347   8.6418E+02   2.10844947E-10   6.26318103E-11
      1.4397   8.6118E+02   2.17383295E-10   6.35714470E-11
      1.4447   8.5820E+02   2.21937612E-10   6.41966857E-11
      1.4497   8.5524E+02   2.24420002E-10   6.46393103E-11
      1.4547   8.5230E+02   2.24812962E-10   6.49590494E-11
      1.4597   8.4938E+02   2.23161050E-10   6.51109148E-11
      1.4647   8.4648E+02   2.19580822E-10   6.49574888E-11
      1.4697   8.4360E+02   2.14287093E-10   6.43244977E-11
      1.4747   8.4074E+02   2.07624899E-10   6.30792568E-11
      1.4797   8.3790E+02   2.00091892E-10   6.12041328E-11
      1.4847   8.3508E+02   1.92337025E-10   5.88425434E-11
      1.4897   8.3228E+02   1.85127719E-10   5.63059905E-11
      1.4947   8.2949E+02   1.79287143E-10   5.40390904E-11
      1.4997   8.2673E+02   1.75612578E-10   5.25415615E-11
      1.5047   8.2398E+02   1.74792486E-10   5.22483139E-11
      1.5097   8.2125E+02   1.77341937E-10   5.33907588E-11
      1.5147   8.1854E+02   1.83572976E-10   5.59027626E-11
      1.5197   8.1585E+02   1.93608772E-10   5.94346383E-11
      1.5247   8.1317E+02   2.07439243E-10   6.34699545E-11
      1.5297   8.1051E+02   2.25003594E-10   6.74839720E-11
      1.5347   8.0787E+02   2.46274819E-10   7.10915234E-11
      1.5397   8.0525E+02   2.71316323E-10   7.41593350E-11
      1.5447   8.0264E+02   3.00284431E-10   7.68645449E-11
      1.5497   8.0005E+02   3.33363685E-10   7.96737749E-11
      1.5547   7.9748E+02   3.70642371E-10   8.32162494E-11
      1.5597   7.9492E+02   4.11957995E-10   8.80577647E-11
      1.5647   7.9238E+02   4.56758905E-10   9.44581230E-11
      1.5697   7.8986E+02   5.04031753E-10   1.02243288E-10
      1.5747   7.8735E+02   5.52331508E-10   1.10857080E-10
      1.5797   7.8486E+02   5.99923454E-10   1.19534987E-10
      1.5847   7.8238E+02   6.45012754E-10   1.27498645E-10
      1.5897   7.7992E+02   6.86008202E-10   1.34108662E-10
      1.5947   7.7748E+02   7.21753181E-10   1.38958449E-10
      1.5997   7.7505E+02   7.51664871E-10   1.41910739E-10
      1.6047   7.7263E+02   7.75750643E-10   1.43082781E-10
      1.6097   7.7023E+02   7.94509424E-10   1.42793485E-10
      1.6147   7.6785E+02   8.08762046E-10   1.41514683E-10
      1.6197   7.6548E+02   8.19474720E-10   1.39940488E-10
      1.6247   7.6312E+02   8.27636057E-10   1.39398527E-10
      1.6297   7.6078E+02   8.34221311E-10   1.42830834E-10
      1.6347   7.5845E+02   8.40237780E-10   1.55929838E-10
      1.6397   7.5614E+02   8.46807984E-10   1.86411102E-10
      1.6447   7.5384E+02   8.55227614E-10   2.40315961E-10
      1.6497   7.5156E+02   8.66941861E-10   3.19315018E-10
      1.6547   7.4928E+02   8.83414780E-10   4.21175247E-10
      1.6597   7.4703E+02   9.05909803E-10   5.40623672E-10
      1.6647   7.4478E+02   9.35237926E-10   6.69576670E-10
      1.6697   7.4255E+02   9.71548091E-10   7.97484322E-10
      1.6747   7.4034E+02   1.01422475E-09   9.12281661E-10
      1.6797   7.3813E+02   1.06192534E-09   1.00195206E-09
      1.6847   7.3594E+02   1.11274930E-09   1.05641306E-09
      1.6897   7.3376E+02   1.16449632E-09   1.06928406E-09
      1.6947   7.3160E+02   1.21495704E-09   1.03908402E-09
      1.6997   7.2945E+02   1.26218460E-09   9.69539028E-10
      1.7047   7.2731E+02   1.30471330E-09   8.68917604E-10
      1.7097   7.2518E+02   1.34170853E-09   7.48580176E-10
      1.7147   7.2307E+02   1.37304191E-09   6.21139748E-10
      1.7197   7.2096E+02   1.39928624E-09   4.98713339E-10
      1.7247   7.1887E+02   1.42162421E-09   3.91651165E-10
      1.7297   7.1680E+02   1.44167095E-09   3.07787306E-10
      1.7347   7.1473E+02   1.46122881E-09   2.51580895E-10
      1.7397   7.1268E+02   1.48201652E-09   2.22348834E-10
      1.7447   7.1063E+02   1.50543370E-09   2.13502293E-10
      1.7497   7.0860E+02   1.53242085E-09   2.16078628E-10
      1.7547   7.0658E+02   1.56345083E-09   2.23218908E-10
      1.7597   7.0458E+02   1.59864493E-09   2.31203617E-10
      1.7647   7.0258E+02   1.63796217E-09   2.38425291E-10
      1.7697   7.0059E+02   1.68138240E-09   2.44379236E-10
      1.7747   6.9862E+02   1.72900486E-09   2.49122970E-10
      1.7797   6.9666E+02   1.78101499E-09   2.53027389E-10
      1.7847   6.9471E+02   1.83752154E-09   2.56629223E-10
      1.7897   6.9277E+02   1.89831532E-09   2.60489310E-10
      1.7947   6.9084E+02   1.96263200E-09   2.65044129E-10
      1.7997   6.8892E+02   2.02900378E-09   2.70490185E-10
      1.8047   6.8701E+02   2.09526180E-09   2.76747900E-10
      1.8097   6.8511E+02   2.15871066E-09   2.83515170E-10
      1.8147   6.8322E+02   2.21645673E-09   2.90374494E-10
      1.8197   6.8134E+02   2.26584169E-09   2.96899482E-10
      1.8247   6.7948E+02   2.30491918E-09   3.02722729E-10
      1.8297   6.7762E+02   2.33290948E-09   3.07556851E-10
      1.8347   6.7577E+02   2.35056878E-09   3.11186275E-10
      1.8397   6.7394E+02   2.36040916E-09   3.13465574E-10
      1.8447   6.7211E+02   2.36670403E-09   3.14367218E-10
      1.8497   6.7029E+02   2.37522157E-09   3.14105037E-10
      1.8547   6.6849E+02   2.39265554E-09   3.13307985E-10
      1.8597   6.6669E+02   2.42577663E-09   3.13141436E-10
      1.8647   6.6490E+02   2.48040103E-09   3.15215159E-10
      1.8697   6.6312E+02   2.56034543E-09   3.21161527E-10
      1.8747   6.6135E+02   2.66658102E-09   3.31983462E-10
      1.8797   6.5960E+02   2.79678762E-09   3.47544085E-10
      1.8847   6.5785E+02   2.94543782E-09   3.66563583E-10
      1.8897   6.5611E+02   3.10442388E-09   3.87108210E-10
      1.8947   6.5437E+02   3.26411446E-09   4.07219026E-10
      1.8997   6.5265E+02   3.41463380E-09   4.25353383E-10
      1.9047   6.5094E+02   3.54712165E-09   4.40536011E-10
      1.9097   6.4923E+02   3.65476381E-09   4.52289334E-10
      1.9147   6.4754E+02   3.73346125E-09   4.60472623E-10
      1.9197   6.4585E+02   3.78209885E-09   4.65143456E-10
      1.9247   6.4417E+02   3.80245030E-09   4.66503370E-10
      1.9297   6.4250E+02   3.79879833E-09   4.64933228E-10
      1.9347   6.4084E+02   3.77735883E-09   4.61080362E-10
      1.9397   6.3919E+02   3.74558799E-09   4.55930810E-10
      1.9447   6.3755E+02   3.71143921E-09   4.50784897E-10
      1.9497   6.3591E+02   3.68262783E-09   4.47070144E-10
      1.9547   6.3429E+02   3.66595603E-09   4.46001891E-10
      1.9597   6.3267E+02   3.66674017E-09   4.48228328E-10
      1.9647   6.3106E+02   3.68836559E-09   4.53672425E-10
      1.9697   6.2946E+02   3.73197527E-09   4.61689914E-10
      1.9747   6.2786E+02   3.79629128E-09   4.71439449E-10
      1.9797   6.2628E+02   3.87758190E-09   4.82209826E-10
      1.9847   6.2470E+02   3.96981754E-09   4.93500073E-10
      1.9897   6.2313E+02   4.06508693E-09   5.04838192E-10
      1.9947   6.2157E+02   4.15433996E-09   5.15505946E-10
      1.9997   6.2001E+02   4.22846612E-09   5.24397932E-10
      2.0047   6.1847E+02   4.27960952E-09   5.30155035E-10
      2.0097   6.1693E+02   4.30249793E-09   5.31546538E-10
      2.0147   6.1540E+02   4.29547860E-09   5.27946754E-10
      2.0197   6.1387E+02   4.26095638E-09   5.19718673E-10
      2.0247   6.1236E+02   4.20504246E-09   5.08352233E-10
      2.0297   6.1085E+02   4.13641832E-09   4.96260857E-10
      2.0347   6.0935E+02   4.06464002E-09   4.86213040E-10
      2.0397   6.0786E+02   3.99827357E-09   4.80509494E-10
      2.0447   6.0637E+02   3.94330537E-09   4.80211633E-10
      2.0497   6.0489E+02   3.90219258E-09   4.84819847E-10
      2.0547   6.0342E+02   3.87373749E-09   4.92582500E-10
      2.0597   6.0195E+02   3.85374970E-09   5.01215296E-10
      2.0647   6.0049E+02   3.83627251E-09   5.08622267E-10
      2.0697   5.9904E+02   3.81504644E-09   5.13347312E-10
      2.0747   5.9760E+02   3.78487991E-09   5.14710954E-10
      2.0797   5.9616E+02   3.74267593E-09   5.12715464E-10
      2.0847   5.9473E+02   3.68798071E-09   5.07834031E-10
      2.0897   5.9331E+02   3.62303303E-09   5.00792638E-10
      2.0947   5.9189E+02   3.55237097E-09   4.92430209E-10
      2.0997   5.9049E+02   3.48209118E-09   4.83679476E-10
      2.1047   5.8908E+02   3.41886728E-09   4.75644396E-10
      2.1097   5.8769E+02   3.36884110E-09   4.69674453E-10
      2.1147   5.8630E+02   3.33651673E-09   4.67288344E-10
      2.1197   5.8491E+02   3.32381199E-09   4.69835102E-10
      2.1247   5.8354E+02   3.32943802E-09   4.77940923E-10
      2.1297   5.8217E+02   3.34876214E-09   4.91008076E-10
      2.1347   5.8080E+02   3.37424676E-09   5.07097183E-10
      2.1397   5.7945E+02   3.39645094E-09   5.23309709E-10
      2.1447   5.7810E+02   3.40545534E-09   5.36486309E-10
      2.1497   5.7675E+02   3.39246208E-09   5.43922188E-10
      2.1547   5.7541E+02   3.35126450E-09   5.43885903E-10
      2.1597   5.7408E+02   3.27929627E-09   5.35861943E-10
      2.1647   5.7275E+02   3.17805436E-09   5.20533584E-10
      2.1697   5.7143E+02   3.05282023E-09   4.99578369E-10
      2.1747   5.7012E+02   2.91174709E-09   4.75371945E-10
      2.1797   5.6881E+02   2.76450470E-09   4.50677272E-10
      2.1847   5.6751E+02   2.62075366E-09   4.28329499E-10
      2.1897   5.6622E+02   2.48874802E-09   4.10847360E-10
      2.1947   5.6493E+02   2.37433509E-09   3.99908232E-10
      2.1997   5.6364E+02   2.28053945E-09   3.95803250E-10
      2.2047   5.6236E+02   2.20779406E-09   3.97215956E-10
      2.2097   5.6109E+02   2.15473459E-09   4.01609640E-10
      2.2147   5.5982E+02   2.11933226E-09   4.06124323E-10
      2.2197   5.5856E+02   2.10004470E-09   4.08600281E-10
      2.2247   5.5731E+02   2.09664715E-09   4.08388268E-10
      2.2297   5.5606E+02   2.11048734E-09   4.06746055E-10
      2.2347   5.5481E+02   2.14407347E-09   4.06646035E-10
      2.2397   5.5357E+02   2.20011178E-09   4.11820016E-10
      2.2447   5.5234E+02   2.28029117E-09   4.25154358E-10
      2.2497   5.5111E+02   2.38420246E-09   4.47201730E-10
      2.2547   5.4989E+02   2.50874171E-09   4.75823411E-10
      2.2597   5.4868E+02   2.64818734E-09   5.07123030E-10
      2.2647   5.4746E+02   2.79491341E-09   5.36878242E-10
      2.2697   5.4626E+02   2.94048662E-09   5.61725941E-10
      2.2747   5.4506E+02   3.07677370E-09   5.79877696E-10
      2.2797   5.4386E+02   3.19670412E-09   5.91383221E-10
      2.2847   5.4267E+02   3.29448749E-09   5.97926689E-10
      2.2897   5.4149E+02   3.36531582E-09   6.02106914E-10
      2.2947   5.4031E+02   3.40479987E-09   6.06292158E-10
      2.2997   5.3913E+02   3.40850683E-09   6.11445588E-10
      2.3047   5.3796E+02   3.37193528E-09   6.16517444E-10
      2.3097   5.3680E+02   3.29108980E-09   6.18757052E-10
      2.3147   5.3564E+02   3.16356788E-09   6.14728739E-10
      2.3197   5.3448E+02   2.98984236E-09   6.01464464E-10
      2.3247   5.3333E+02   2.77430134E-09   5.77296360E-10
      2.3297   5.3219E+02   2.52564106E-09   5.42223858E-10
      2.3347   5.3105E+02   2.25638302E-09   4.97896780E-10
      2.3397   5.2991E+02   1.98153886E-09   4.47378924E-10
      2.3447   5.2878E+02   1.71668919E-09   3.94848523E-10
      2.3497   5.2766E+02   1.47589707E-09   3.45319964E-10
      2.3547   5.2654E+02   1.26990457E-09   3.04285351E-10
      2.3597   5.2542E+02   1.10496640E-09   2.76826808E-10
      2.3647   5.2431E+02   9.82501152E-10   2.65727002E-10
      2.3697   5.2321E+02   8.99544763E-10   2.69588193E-10
      2.3747   5.2210E+02   8.49825441E-10   2.83330645E-10
      2.3797   5.2101E+02   8.25177482E-10   3.00799731E-10
      2.3847   5.1992E+02   8.16984973E-10   3.16852159E-10
      2.3897   5.1883E+02   8.17388002E-10   3.28095092E-10
      2.3947   5.1774E+02   8.20075660E-10   3.32962389E-10
      2.3997   5.1667E+02   8.20606630E-10   3.31579958E-10
      2.4047   5.1559E+02   8.16311915E-10   3.25435584E-10
      2.4097   5.1452E+02   8.05918784E-10   3.16760504E-10
      2.4147   5.1346E+02   7.89070770E-10   3.07667341E-10
      2.4197   5.1239E+02   7.65899989E-10   2.99350888E-10
      2.4247   5.1134E+02   7.36746604E-10   2.91804477E-10
      2.4297   5.1029E+02   7.02042433E-10   2.84246581E-10
      2.4347   5.0924E+02   6.62311944E-10   2.75923891E-10
      2.4397   5.0819E+02   6.18216304E-10   2.66699653E-10
      2.4447   5.0716E+02   5.70578561E-10   2.57056862E-10
      2.4497   5.0612E+02   5.20365612E-10   2.47570834E-10
      2.4547   5.0509E+02   4.68640937E-10   2.38259599E-10
      2.4597   5.0406E+02   4.16520585E-10   2.28314939E-10
      2.4647   5.0304E+02   3.65156884E-10   2.16422726E-10
      2.4697   5.0202E+02   3.15748698E-10   2.01420411E-10
      2.4747   5.0101E+02   2.69551532E-10   1.82864303E-10
      2.4797   5.0000E+02   2.27850722E-10   1.61272978E-10
      2.4847   4.9899E+02   1.91872168E-10   1.38086371E-10
      2.4897   4.9799E+02   1.62631402E-10   1.15526853E-10
      2.4947   4.9699E+02   1.40750743E-10   9.65153233E-11
      2.4997   4.9600E+02   1.26293415E-10   8.44020029E-11
      2.5047   4.9501E+02   1.18666078E-10   8.15148768E-11
      2.5097   4.9402E+02   1.16627418E-10   8.68881965E-11
      2.5147   4.9304E+02   1.18415544E-10   9.67909723E-11
      2.5197   4.9206E+02   1.21978231E-10   1.07415006E-10
      2.5247   4.9108E+02   1.25264749E-10   1.16048525E-10
      2.5297   4.9011E+02   1.26521983E-10   1.21000198E-10
      2.5347   4.8915E+02   1.24534854E-10   1.21396545E-10
      2.5397   4.8818E+02   1.18762869E-10   1.17075916E-10
      2.5447   4.8723E+02   1.09348739E-10   1.08499309E-10
      2.5497   4.8627E+02   9.70052480E-11   9.66134469E-11
      2.5547   4.8532E+02   8.28143716E-11   8.26578202E-11
      2.5597   4.8437E+02   6.79901626E-11   6.79455500E-11
      2.5647   4.8343E+02   5.36592579E-11   5.36620331E-11
      2.5697   4.8249E+02   4.07008155E-11   4.07194324E-11
      2.5747   4.8155E+02   2.96664194E-11   2.96868840E-11
      2.5797   4.8061E+02   2.07777495E-11   2.07948488E-11
      2.5847   4.7969E+02   1.39824990E-11   1.39950723E-11
      2.5897   4.7876E+02   9.04093705E-12   9.04946180E-12
      2.5947   4.7784E+02   5.61666360E-12   5.62210015E-12
      2.5997   4.7692E+02   3.35255754E-12   3.35585065E-12
      2.6047   4.7600E+02   1.92267086E-12   1.92457523E-12
      2.6097   4.7509E+02   1.05940835E-12   1.06046266E-12
      2.6147   4.7418E+02   5.60855433E-13   5.61415102E-13
      2.6197   4.7328E+02   2.85277284E-13   2.85562399E-13
      2.6247   4.7237E+02   1.39415788E-13   1.39555248E-13
      2.6297   4.7148E+02   6.54613730E-14   6.55268881E-14
      2.6347   4.7058E+02   2.95315727E-14   2.95611371E-14
      2.6397   4.6969E+02   1.28001871E-14   1.28130036E-14
      2.6447   4.6880E+02   5.33057808E-15   5.33591599E-15
      2.6497   4.6792E+02   2.13285111E-15   2.13498701E-15
      2.6547   4.6704E+02   8.19926649E-16   8.20747773E-16
      2.6597   4.6616E+02   3.02843105E-16   3.03146396E-16
      2.6647   4.6528E+02   1.07470335E-16   1.07577965E-16
      2.6697   4.6441E+02   3.66427228E-17   3.66794203E-17
      2.6747   4.6354E+02   1.20036989E-17   1.20157206E-17
      2.6797   4.6268E+02   3.77807585E-18   3.78185959E-18
