DE/eV lambda/nm sigma/A^2 +/-error/A^2
1.9270 6.4341E+02 0.00000000 0.00000000
1.9320 6.4174E+02 0.00000001 0.00000001
1.9370 6.4008E+02 0.00000002 0.00000002
1.9420 6.3844E+02 0.00000005 0.00000005
1.9470 6.3680E+02 0.00000015 0.00000015
1.9520 6.3516E+02 0.00000042 0.00000041
1.9570 6.3354E+02 0.00000113 0.00000108
1.9620 6.3193E+02 0.00000290 0.00000277
1.9670 6.3032E+02 0.00000716 0.00000680
1.9720 6.2872E+02 0.00001699 0.00001603
1.9770 6.2713E+02 0.00003878 0.00003632
1.9820 6.2555E+02 0.00008513 0.00007909
1.9870 6.2398E+02 0.00017976 0.00016551
1.9920 6.2241E+02 0.00036511 0.00033285
1.9970 6.2085E+02 0.00071348 0.00064335
2.0020 6.1930E+02 0.00134157 0.00119526
2.0070 6.1776E+02 0.00242765 0.00213473
2.0120 6.1622E+02 0.00422838 0.00366565
2.0170 6.1470E+02 0.00709020 0.00605292
2.0220 6.1318E+02 0.01144787 0.00961357
2.0270 6.1166E+02 0.01780191 0.01469035
2.0320 6.1016E+02 0.02666783 0.02160509
2.0370 6.0866E+02 0.03849491 0.03059406
2.0420 6.0717E+02 0.05356042 0.04173398
2.0470 6.0569E+02 0.07185588 0.05487367
2.0520 6.0421E+02 0.09299116 0.06958958
2.0570 6.0274E+02 0.11614734 0.08518150
2.0620 6.0128E+02 0.14010574 0.10071770
2.0670 5.9983E+02 0.16336648 0.11512803
2.0720 5.9838E+02 0.18434833 0.12733337
2.0770 5.9694E+02 0.20163672 0.13639404
2.0820 5.9551E+02 0.21422731 0.14165940
2.0870 5.9408E+02 0.22170592 0.14290348
2.0920 5.9266E+02 0.22431633 0.14043256
2.0970 5.9125E+02 0.22289439 0.13514144
2.1020 5.8984E+02 0.21868190 0.12846938
2.1070 5.8844E+02 0.21306658 0.12217009
2.1120 5.8705E+02 0.20731307 0.11782215
2.1170 5.8566E+02 0.20234900 0.11620461
2.1220 5.8428E+02 0.19865024 0.11698182
2.1270 5.8291E+02 0.19623845 0.11904163
2.1320 5.8154E+02 0.19477450 0.12120400
2.1370 5.8018E+02 0.19371219 0.12273806
2.1420 5.7882E+02 0.19247282 0.12344770
2.1470 5.7748E+02 0.19060862 0.12342559
2.1520 5.7613E+02 0.18793517 0.12271060
2.1570 5.7480E+02 0.18462114 0.12109380
2.1620 5.7347E+02 0.18122555 0.11820997
2.1670 5.7215E+02 0.17867059 0.11386542
2.1720 5.7083E+02 0.17813896 0.10843277
2.1770 5.6952E+02 0.18089390 0.10313434
2.1820 5.6821E+02 0.18803988 0.10000229
2.1870 5.6691E+02 0.20026540 0.10121009
2.1920 5.6562E+02 0.21762846 0.10783223
2.1970 5.6433E+02 0.23944815 0.11909980
2.2020 5.6305E+02 0.26434838 0.13294673
2.2070 5.6178E+02 0.29046270 0.14702231
2.2120 5.6051E+02 0.31576329 0.15930483
2.2170 5.5924E+02 0.33843647 0.16834489
2.2220 5.5798E+02 0.35720660 0.17339078
2.2270 5.5673E+02 0.37151991 0.17449148
2.2320 5.5548E+02 0.38153858 0.17254080
2.2370 5.5424E+02 0.38795364 0.16915621
2.2420 5.5301E+02 0.39168274 0.16626955
2.2470 5.5178E+02 0.39355621 0.16542041
2.2520 5.5055E+02 0.39409698 0.16705226
2.2570 5.4933E+02 0.39346533 0.17032561
2.2620 5.4812E+02 0.39157987 0.17361722
2.2670 5.4691E+02 0.38836274 0.17530259
2.2720 5.4571E+02 0.38401325 0.17435873
2.2770 5.4451E+02 0.37920473 0.17064861
2.2820 5.4331E+02 0.37512592 0.16495461
2.2870 5.4213E+02 0.37334116 0.15882500
2.2920 5.4094E+02 0.37550143 0.15421735
2.2970 5.3977E+02 0.38298386 0.15290996
2.3020 5.3859E+02 0.39655672 0.15583723
2.3070 5.3743E+02 0.41615774 0.16276145
2.3120 5.3626E+02 0.44084276 0.17252896
2.3170 5.3511E+02 0.46891972 0.18362676
2.3220 5.3395E+02 0.49824208 0.19461164
2.3270 5.3281E+02 0.52660383 0.20429342
2.3320 5.3166E+02 0.55215997 0.21178647
2.3370 5.3053E+02 0.57379265 0.21654785
2.3420 5.2939E+02 0.59135343 0.21843922
2.3470 5.2827E+02 0.60573370 0.21778633
2.3520 5.2714E+02 0.61874537 0.21538799
2.3570 5.2603E+02 0.63282792 0.21243594
2.3620 5.2491E+02 0.65062956 0.21033139
2.3670 5.2380E+02 0.67453422 0.21041401
2.3720 5.2270E+02 0.70621778 0.21365849
2.3770 5.2160E+02 0.74631401 0.22043333
2.3820 5.2050E+02 0.79425384 0.23041640
2.3870 5.1941E+02 0.84831281 0.24269407
2.3920 5.1833E+02 0.90586595 0.25598677
2.3970 5.1725E+02 0.96381182 0.26891627
2.4020 5.1617E+02 1.01909522 0.28025296
2.4070 5.1510E+02 1.06923705 0.28910955
2.4120 5.1403E+02 1.11277628 0.29506013
2.4170 5.1297E+02 1.14954361 0.29817348
2.4220 5.1191E+02 1.18071756 0.29896604
2.4270 5.1085E+02 1.20865386 0.29829743
2.4320 5.0980E+02 1.23651973 0.29723627
2.4370 5.0876E+02 1.26779753 0.29691068
2.4420 5.0772E+02 1.30574127 0.29834233
2.4470 5.0668E+02 1.35287516 0.30227202
2.4520 5.0565E+02 1.41061451 0.30901930
2.4570 5.0462E+02 1.47907178 0.31843353
2.4620 5.0359E+02 1.55708300 0.32995274
2.4670 5.0257E+02 1.64245575 0.34272438
2.4720 5.0155E+02 1.73239851 0.35573004
2.4770 5.0054E+02 1.82404891 0.36790773
2.4820 4.9953E+02 1.91498348 0.37831420
2.4870 4.9853E+02 2.00357882 0.38635580
2.4920 4.9753E+02 2.08911660 0.39203925
2.4970 4.9653E+02 2.17158561 0.39610758
2.5020 4.9554E+02 2.25122322 0.39990154
2.5070 4.9455E+02 2.32792921 0.40488065
2.5120 4.9357E+02 2.40074210 0.41195646
2.5170 4.9259E+02 2.46756686 0.42099873
2.5220 4.9161E+02 2.52527497 0.43083396
2.5270 4.9064E+02 2.57018590 0.43972771
2.5320 4.8967E+02 2.59882105 0.44603700
2.5370 4.8870E+02 2.60874160 0.44870221
2.5420 4.8774E+02 2.59926536 0.44743396
2.5470 4.8679E+02 2.57190434 0.44262898
2.5520 4.8583E+02 2.53044919 0.43513173
2.5570 4.8488E+02 2.48071164 0.42596877
2.5620 4.8394E+02 2.42999297 0.41616104
2.5670 4.8299E+02 2.38636659 0.40668150
2.5720 4.8205E+02 2.35785667 0.39856000
2.5770 4.8112E+02 2.35158481 0.39303412
2.5820 4.8019E+02 2.37296065 0.39154554
2.5870 4.7926E+02 2.42500959 0.39540137
2.5920 4.7833E+02 2.50794738 0.40516212
2.5970 4.7741E+02 2.61910308 0.42015362
2.6020 4.7650E+02 2.75324545 0.43853251
2.6070 4.7558E+02 2.90328792 0.45791858
2.6120 4.7467E+02 3.06125912 0.47618824
2.6170 4.7376E+02 3.21936044 0.49200181
2.6220 4.7286E+02 3.37091370 0.50489280
2.6270 4.7196E+02 3.51103339 0.51500819
2.6320 4.7106E+02 3.63692438 0.52273756
2.6370 4.7017E+02 3.74778387 0.52847450
2.6420 4.6928E+02 3.84435674 0.53261757
2.6470 4.6840E+02 3.92824995 0.53571836
2.6520 4.6751E+02 4.00115247 0.53855913
2.6570 4.6663E+02 4.06413131 0.54198696
2.6620 4.6576E+02 4.11717088 0.54652411
2.6670 4.6488E+02 4.15907918 0.55198539
2.6720 4.6401E+02 4.18779545 0.55738905
2.6770 4.6315E+02 4.20101687 0.56127566
2.6820 4.6228E+02 4.19695369 0.56228867
2.6870 4.6142E+02 4.17496832 0.55973203
2.6920 4.6057E+02 4.13588604 0.55386375
2.6970 4.5971E+02 4.08187921 0.54581544
2.7020 4.5886E+02 4.01598461 0.53715927
2.7070 4.5801E+02 3.94145162 0.52926431
2.7120 4.5717E+02 3.86118077 0.52269179
2.7170 4.5633E+02 3.77747172 0.51691096
2.7220 4.5549E+02 3.69217304 0.51049474
2.7270 4.5465E+02 3.60716672 0.50174011
2.7320 4.5382E+02 3.52498934 0.48956409
2.7370 4.5299E+02 3.44933804 0.47469588
2.7420 4.5217E+02 3.38524500 0.46150600
2.7470 4.5134E+02 3.33880729 0.46063794
2.7520 4.5052E+02 3.31648799 0.49025278
2.7570 4.4971E+02 3.32411728 0.57003515
2.7620 4.4889E+02 3.36579336 0.70929669
2.7670 4.4808E+02 3.44290594 0.90307186
2.7720 4.4727E+02 3.55348674 1.13695200
2.7770 4.4647E+02 3.69204016 1.39095916
2.7820 4.4567E+02 3.84992962 1.64127706
2.7870 4.4487E+02 4.01629661 1.86224102
2.7920 4.4407E+02 4.17938282 2.02940046
2.7970 4.4328E+02 4.32803286 2.12318571
2.8020 4.4248E+02 4.45310329 2.13224997
2.8070 4.4170E+02 4.54851465 2.05556731
2.8120 4.4091E+02 4.61175767 1.90269608
2.8170 4.4013E+02 4.64378510 1.69213782
2.8220 4.3935E+02 4.64835123 1.44826558
2.8270 4.3857E+02 4.63096744 1.19767378
2.8320 4.3780E+02 4.59770294 0.96583497
2.8370 4.3703E+02 4.55406948 0.77441076
2.8420 4.3626E+02 4.50419660 0.63825144
2.8470 4.3549E+02 4.45044112 0.56053735
2.8520 4.3473E+02 4.39349159 0.52959447
2.8570 4.3397E+02 4.33293276 0.52537708
2.8620 4.3321E+02 4.26813947 0.53068796
2.8670 4.3245E+02 4.19929049 0.53572172
2.8720 4.3170E+02 4.12825420 0.53660940
2.8770 4.3095E+02 4.05911433 0.53294200
2.8820 4.3020E+02 3.99817845 0.52606347
2.8870 4.2946E+02 3.95342590 0.51807158
2.8920 4.2871E+02 3.93347759 0.51122313
2.8970 4.2797E+02 3.94627371 0.50755641
2.9020 4.2724E+02 3.99770564 0.50861927
2.9070 4.2650E+02 4.09045506 0.51523989
2.9120 4.2577E+02 4.22324995 0.52736036
2.9170 4.2504E+02 4.39066867 0.54402773
2.9220 4.2431E+02 4.58352424 0.56360919
2.9270 4.2359E+02 4.78976299 0.58417573
2.9320 4.2287E+02 4.99573126 0.60390137
2.9370 4.2215E+02 5.18761507 0.62133347
2.9420 4.2143E+02 5.35284752 0.63547659
2.9470 4.2071E+02 5.48130218 0.64572973
2.9520 4.2000E+02 5.56613901 0.65177421
2.9570 4.1929E+02 5.60422624 0.65350547
2.9620 4.1858E+02 5.59611946 0.65104526
2.9670 4.1788E+02 5.54563055 0.64480086
2.9720 4.1717E+02 5.45906543 0.63549857
2.9770 4.1647E+02 5.34424958 0.62413013
2.9820 4.1578E+02 5.20948980 0.61179877
2.9870 4.1508E+02 5.06263144 0.59950577
2.9920 4.1439E+02 4.91035435 0.58795372
2.9970 4.1369E+02 4.75780554 0.57744186
3.0020 4.1301E+02 4.60859717 0.56788983
3.0070 4.1232E+02 4.46512129 0.55896827
3.0120 4.1163E+02 4.32906494 0.55027479
3.0170 4.1095E+02 4.20196808 0.54149614
3.0220 4.1027E+02 4.08566248 0.53252983
3.0270 4.0959E+02 3.98246195 0.52356330
3.0320 4.0892E+02 3.89503696 0.51510592
3.0370 4.0825E+02 3.82598554 0.50794854
3.0420 4.0757E+02 3.77719141 0.50302017
3.0470 4.0691E+02 3.74912221 0.50114126
3.0520 4.0624E+02 3.74025031 0.50273141
3.0570 4.0557E+02 3.74676637 0.50757775
3.0620 4.0491E+02 3.76270018 0.51476845
3.0670 4.0425E+02 3.78047587 0.52283194
3.0720 4.0359E+02 3.79182815 0.53003862
3.0770 4.0294E+02 3.78892140 0.53476584
3.0820 4.0228E+02 3.76546547 0.53581812
3.0870 4.0163E+02 3.71762561 0.53261920
3.0920 4.0098E+02 3.64457365 0.52523727
3.0970 4.0034E+02 3.54860548 0.51425964
3.1020 3.9969E+02 3.43483011 0.50058658
3.1070 3.9905E+02 3.31049718 0.48524433
3.1120 3.9841E+02 3.18406341 0.46930249
3.1170 3.9777E+02 3.06411237 0.45391571
3.1220 3.9713E+02 2.95824847 0.44041159
3.1270 3.9650E+02 2.87209712 0.43026414
3.1320 3.9586E+02 2.80855473 0.42479937
3.1370 3.9523E+02 2.76742742 0.42464715
3.1420 3.9460E+02 2.74555657 0.42923071
3.1470 3.9398E+02 2.73744123 0.43670241
3.1520 3.9335E+02 2.73624874 0.44447341
3.1570 3.9273E+02 2.73499336 0.45007480
3.1620 3.9211E+02 2.72760515 0.45192961
3.1670 3.9149E+02 2.70964172 0.44974043
3.1720 3.9087E+02 2.67851136 0.44439033
3.1770 3.9026E+02 2.63323807 0.43741188
3.1820 3.8964E+02 2.57394470 0.43022942
3.1870 3.8903E+02 2.50130233 0.42351011
3.1920 3.8842E+02 2.41616676 0.41694557
3.1970 3.8781E+02 2.31951326 0.40954501
3.2020 3.8721E+02 2.21263988 0.40021170
3.2070 3.8660E+02 2.09749612 0.38826564
3.2120 3.8600E+02 1.97695041 0.37371025
3.2170 3.8540E+02 1.85484425 0.35723481
3.2220 3.8481E+02 1.73576950 0.34004642
3.2270 3.8421E+02 1.62460659 0.32361910
3.2320 3.8361E+02 1.52593597 0.30940140
3.2370 3.8302E+02 1.44346081 0.29851220
3.2420 3.8243E+02 1.37955657 0.29150341
3.2470 3.8184E+02 1.33501121 0.28830792
3.2520 3.8126E+02 1.30896383 0.28841664
3.2570 3.8067E+02 1.29901117 0.29116397
3.2620 3.8009E+02 1.30144000 0.29591802
3.2670 3.7950E+02 1.31155347 0.30206481
3.2720 3.7892E+02 1.32407623 0.30885217
3.2770 3.7835E+02 1.33363122 0.31526431
3.2820 3.7777E+02 1.33526989 0.32006268
3.2870 3.7720E+02 1.32501129 0.32200184
3.2920 3.7662E+02 1.30031695 0.32012097
3.2970 3.7605E+02 1.26041444 0.31398725
3.3020 3.7548E+02 1.20639599 0.30380792
3.3070 3.7491E+02 1.14105819 0.29038599
3.3120 3.7435E+02 1.06850363 0.27494297
3.3170 3.7378E+02 0.99357611 0.25886776
3.3220 3.7322E+02 0.92123073 0.24347558
3.3270 3.7266E+02 0.85594102 0.22985923
3.3320 3.7210E+02 0.80122130 0.21886543
3.3370 3.7154E+02 0.75930533 0.21114013
3.3420 3.7099E+02 0.73098724 0.20712866
3.3470 3.7043E+02 0.71560783 0.20696959
3.3520 3.6988E+02 0.71116203 0.21035831
3.3570 3.6933E+02 0.71450821 0.21651969
3.3620 3.6878E+02 0.72166832 0.22432830
3.3670 3.6823E+02 0.72821192 0.23247812
3.3720 3.6769E+02 0.72971075 0.23960052
3.3770 3.6714E+02 0.72223296 0.24432806
3.3820 3.6660E+02 0.70282376 0.24537109
3.3870 3.6606E+02 0.66989952 0.24165656
3.3920 3.6552E+02 0.62347866 0.23251459
3.3970 3.6498E+02 0.56519019 0.21784656
3.4020 3.6444E+02 0.49804105 0.19820278
3.4070 3.6391E+02 0.42597613 0.17472952
3.4120 3.6338E+02 0.35331458 0.14899267
3.4170 3.6285E+02 0.28417474 0.12272572
3.4220 3.6231E+02 0.22199895 0.09757229
3.4270 3.6179E+02 0.16925649 0.07490071
3.4320 3.6126E+02 0.12735219 0.05577693
3.4370 3.6073E+02 0.09671453 0.04121511
3.4420 3.6021E+02 0.07699906 0.03272126
3.4470 3.5969E+02 0.06732976 0.03192547
3.4520 3.5917E+02 0.06651257 0.03803625
3.4570 3.5865E+02 0.07318430 0.04836368
3.4620 3.5813E+02 0.08589411 0.06094202
3.4670 3.5761E+02 0.10314171 0.07458811
3.4720 3.5710E+02 0.12340869 0.08835959
3.4770 3.5658E+02 0.14521514 0.10136993
3.4820 3.5607E+02 0.16721612 0.11281204
3.4870 3.5556E+02 0.18832863 0.12204617
3.4920 3.5505E+02 0.20785882 0.12869212
3.4970 3.5454E+02 0.22558797 0.13270935
3.5020 3.5404E+02 0.24177933 0.13446338
3.5070 3.5353E+02 0.25708550 0.13476235
3.5120 3.5303E+02 0.27236322 0.13480339
3.5170 3.5253E+02 0.28843033 0.13593409
3.5220 3.5203E+02 0.30581949 0.13920292
3.5270 3.5153E+02 0.32458711 0.14489616
3.5320 3.5103E+02 0.34422269 0.15240862
3.5370 3.5053E+02 0.36367700 0.16056255
3.5420 3.5004E+02 0.38149694 0.16811458
3.5470 3.4955E+02 0.39603059 0.17413398
3.5520 3.4905E+02 0.40565582 0.17812924
3.5570 3.4856E+02 0.40899023 0.17996185
3.5620 3.4807E+02 0.40505541 0.17965105
3.5670 3.4759E+02 0.39338484 0.17718581
3.5720 3.4710E+02 0.37407610 0.17243595
3.5770 3.4662E+02 0.34779137 0.16519280
3.5820 3.4613E+02 0.31570807 0.15530124
3.5870 3.4565E+02 0.27941930 0.14280580
3.5920 3.4517E+02 0.24078687 0.12804181
3.5970 3.4469E+02 0.20175829 0.11163849
3.6020 3.4421E+02 0.16417010 0.09443935
3.6070 3.4373E+02 0.12956805 0.07737079
3.6120 3.4326E+02 0.09907463 0.06129902
3.6170 3.4278E+02 0.07332523 0.04691140
3.6220 3.4231E+02 0.05247880 0.03464565
3.6270 3.4184E+02 0.03629214 0.02467403
3.6320 3.4137E+02 0.02423490 0.01693517
3.6370 3.4090E+02 0.01561746 0.01119649
3.6420 3.4043E+02 0.00970722 0.00712754
3.6470 3.3996E+02 0.00581702 0.00436733
3.6520 3.3950E+02 0.00335938 0.00257506
3.6570 3.3903E+02 0.00186907 0.00146067
3.6620 3.3857E+02 0.00100155 0.00079694
3.6670 3.3811E+02 0.00051676 0.00041815
3.6720 3.3765E+02 0.00025667 0.00021096
3.6770 3.3719E+02 0.00012270 0.00010233
3.6820 3.3673E+02 0.00005645 0.00004772
3.6870 3.3627E+02 0.00002499 0.00002139
3.6920 3.3582E+02 0.00001064 0.00000922
3.6970 3.3536E+02 0.00000436 0.00000382
3.7020 3.3491E+02 0.00000172 0.00000152
3.7070 3.3446E+02 0.00000065 0.00000058
3.7120 3.3401E+02 0.00000024 0.00000021
3.7170 3.3356E+02 0.00000008 0.00000008
3.7220 3.3311E+02 0.00000003 0.00000003
3.7270 3.3266E+02 0.00000001 0.00000001
3.7320 3.3222E+02 0.00000000 0.00000000
