 O     8.0   -8.53927933   -8.93687015    3.56471135   15.99491464
 O     8.0    5.54449238   -9.13589611    2.43903550   15.99491464
 O     8.0   13.33425908   -2.86215841    3.49182650   15.99491464
 O     8.0    7.09152235   -5.93137412    0.15385394   15.99491464
 O     8.0   14.38550239   -1.14556521   -0.23490619   15.99491464
 O     8.0   -5.70075950    4.67900915   -0.45533707   15.99491464
 N     7.0   -0.54080749   -1.08943090   -1.12181324   14.00307401
 N     7.0    2.93507161    3.39434876   -0.70558405   14.00307401
 N     7.0   -6.48283778   -5.91395840    1.20051845   14.00307401
 N     7.0   -1.40968089    5.52899473   -0.20741823   14.00307401
 C     6.0    1.22393026   -4.65934088   -2.58735444   12.00000000
 C     6.0    1.75869630   -2.15521187   -1.78474618   12.00000000
 C     6.0   -1.41115110   -5.04765881   -2.37728681   12.00000000
 C     6.0   -2.47353434   -2.78466452   -1.40849037   12.00000000
 C     6.0    7.16317131    2.69313753   -0.65731478   12.00000000
 C     6.0    4.71121953    1.52440806   -1.08548515   12.00000000
 C     6.0    4.15731623   -0.96100511   -1.65832917   12.00000000
 C     6.0    6.74940444    5.19659191   -0.00429157   12.00000000
 C     6.0    3.09626903   -6.55232679   -3.58668130   12.00000000
 C     6.0  -10.55723472   -4.85830447    2.55226412   12.00000000
 C     6.0   -6.87741449   -3.49482172    0.21193279   12.00000000
 C     6.0    4.03909686    5.60439481   -0.04767779   12.00000000
 C     6.0   -9.55830470   -2.88177188    0.70602247   12.00000000
 C     6.0    9.64746576    1.32904439   -0.81151643   12.00000000
 C     6.0   -5.04628309   -2.02632310   -0.86144300   12.00000000
 C     6.0   -2.83576650   -7.32264530   -3.30241547   12.00000000
 C     6.0   -8.49494636   -6.88794404    2.54896465   12.00000000
 C     6.0    3.86494348   -8.61299944   -1.68458124   12.00000000
 C     6.0   10.24465323   -0.28225138    1.52867317   12.00000000
 C     6.0    8.64008866    7.19548563    0.65793083   12.00000000
 C     6.0    2.54656848    7.75907377    0.47017331   12.00000000
 C     6.0  -13.18782043   -5.94546014    2.06989073   12.00000000
 C     6.0  -10.98682049   -1.06335078   -0.36898037   12.00000000
 C     6.0   -0.09469418    7.64069944    0.38502036   12.00000000
 C     6.0   -1.83375811    9.80592118    0.93298425   12.00000000
 C     6.0   -4.20792499    8.89828950    0.65379044   12.00000000
 C     6.0    5.65328013   -7.69838333    0.35150796   12.00000000
 C     6.0  -10.24872559    0.82715958   -2.34199429   12.00000000
 C     6.0   12.85833534   -1.43082315    1.43387506   12.00000000
 C     6.0   -6.73197360   10.14219417    0.91056265   12.00000000
 C     6.0   -3.94128274    6.13799489   -0.07416797   12.00000000
 C     6.0   -0.96116195   12.39909787    1.64236476   12.00000000
 C     6.0   -7.98339560   10.72599293   -1.64830039   12.00000000
 H     1.0   -0.82080444    0.62917298   -0.31079759    1.00782504
 H     1.0    5.76338881   -2.21093989   -1.97460129    1.00782504
 H     1.0    4.81406032   -5.59912814   -4.26256642    1.00782504
 H     1.0    2.27184199   -7.50376988   -5.24651280    1.00782504
 H     1.0  -10.51053959   -4.07445552    4.49451519    1.00782504
 H     1.0    9.68843313    0.09984368   -2.49154721    1.00782504
 H     1.0   11.18782877    2.69646345   -1.09037954    1.00782504
 H     1.0   -5.47839732   -0.02827408   -1.15451684    1.00782504
 H     1.0    0.97638937    3.47363789   -0.93594167    1.00782504
 H     1.0   -2.88010892   -8.89864099   -1.93119239    1.00782504
 H     1.0   -4.80690203   -6.84643998   -3.75450410    1.00782504
 H     1.0   -1.96623925   -8.08473217   -5.03417373    1.00782504
 H     1.0   -4.78558403   -6.80020972    1.18585984    1.00782504
 H     1.0    2.21463242   -9.49620452   -0.78012619    1.00782504
 H     1.0    4.87198231  -10.15333789   -2.67369981    1.00782504
 H     1.0    8.89265434   -1.85096596    1.74636773    1.00782504
 H     1.0   10.10626292    0.84212622    3.27922853    1.00782504
 H     1.0    8.39944905    8.89177751   -0.52945024    1.00782504
 H     1.0   10.58959439    6.52486151    0.40585270    1.00782504
 H     1.0    8.43918810    7.81386449    2.63987371    1.00782504
 H     1.0    3.48027082    9.52555008    0.96778733    1.00782504
 H     1.0  -14.66859093   -4.51654939    2.36794023    1.00782504
 H     1.0  -13.53716087   -7.52553386    3.37565748    1.00782504
 H     1.0  -13.35688666   -6.65630519    0.12114656    1.00782504
 H     1.0  -12.95706408   -0.97639693    0.26592415    1.00782504
 H     1.0   -9.30044212    2.49071762   -1.51465140    1.00782504
 H     1.0  -11.92739010    1.49990776   -3.36978799    1.00782504
 H     1.0   -8.91014375    0.02180366   -3.71874103    1.00782504
 H     1.0   -6.55963058   11.89288181    2.02760055    1.00782504
 H     1.0   -7.98073865    8.86031735    1.98160840    1.00782504
 H     1.0    0.23498178   12.35956669    3.34987027    1.00782504
 H     1.0   -2.56278422   13.66847416    2.01716170    1.00782504
 H     1.0    0.18542749   13.25641937    0.12596536    1.00782504
 H     1.0   -6.83521879   12.05866182   -2.76247536    1.00782504
 H     1.0   -9.86771334   11.57001832   -1.37682234    1.00782504
 H     1.0   -8.21046132    8.98579327   -2.76394368    1.00782504
 H     1.0    6.79722207   -8.48052019    3.61623662    1.00782504
 H     1.0   15.03759586   -3.52146118    3.28505078    1.00782504
