      DE/eV    lambda/nm    sigma/A^2        +/-error/A^2
      1.8619   6.6590E+02       0.00000000       0.00000000
      1.8669   6.6412E+02       0.00000000       0.00000000
      1.8719   6.6234E+02       0.00000000       0.00000000
      1.8769   6.6058E+02       0.00000000       0.00000000
      1.8819   6.5882E+02       0.00000000       0.00000000
      1.8869   6.5708E+02       0.00000000       0.00000000
      1.8919   6.5534E+02       0.00000001       0.00000001
      1.8969   6.5361E+02       0.00000001       0.00000001
      1.9019   6.5190E+02       0.00000004       0.00000004
      1.9069   6.5019E+02       0.00000008       0.00000008
      1.9119   6.4849E+02       0.00000019       0.00000019
      1.9169   6.4680E+02       0.00000041       0.00000041
      1.9219   6.4511E+02       0.00000087       0.00000087
      1.9269   6.4344E+02       0.00000174       0.00000174
      1.9319   6.4177E+02       0.00000336       0.00000336
      1.9369   6.4012E+02       0.00000623       0.00000623
      1.9419   6.3847E+02       0.00001109       0.00001110
      1.9469   6.3683E+02       0.00001898       0.00001900
      1.9519   6.3520E+02       0.00003121       0.00003125
      1.9569   6.3357E+02       0.00004932       0.00004937
      1.9619   6.3196E+02       0.00007487       0.00007495
      1.9669   6.3035E+02       0.00010921       0.00010931
      1.9719   6.2875E+02       0.00015306       0.00015319
      1.9769   6.2716E+02       0.00020610       0.00020626
      1.9819   6.2558E+02       0.00026668       0.00026683
      1.9869   6.2401E+02       0.00033159       0.00033166
      1.9919   6.2244E+02       0.00039625       0.00039607
      1.9969   6.2088E+02       0.00045521       0.00045444
      2.0019   6.1933E+02       0.00050297       0.00050099
      2.0069   6.1779E+02       0.00053499       0.00053065
      2.0119   6.1625E+02       0.00054870       0.00054004
      2.0169   6.1473E+02       0.00054428       0.00052812
      2.0219   6.1321E+02       0.00052502       0.00049639
      2.0269   6.1169E+02       0.00049713       0.00044887
      2.0319   6.1019E+02       0.00046910       0.00039179
      2.0369   6.0869E+02       0.00045071       0.00033380
      2.0419   6.0720E+02       0.00045174       0.00028715
      2.0469   6.0572E+02       0.00048078       0.00026837
      2.0519   6.0424E+02       0.00054403       0.00029079
      2.0569   6.0277E+02       0.00064454       0.00035221
      2.0619   6.0131E+02       0.00078170       0.00043986
      2.0669   5.9986E+02       0.00095124       0.00054125
      2.0719   5.9841E+02       0.00114575       0.00064615
      2.0769   5.9697E+02       0.00135556       0.00074571
      2.0819   5.9553E+02       0.00156995       0.00083257
      2.0869   5.9411E+02       0.00177832       0.00090176
      2.0919   5.9269E+02       0.00197118       0.00095176
      2.0969   5.9127E+02       0.00214068       0.00098487
      2.1019   5.8987E+02       0.00228074       0.00100640
      2.1069   5.8847E+02       0.00238687       0.00102245
      2.1119   5.8707E+02       0.00245610       0.00103699
      2.1169   5.8569E+02       0.00248714       0.00104971
      2.1219   5.8431E+02       0.00248096       0.00105606
      2.1269   5.8293E+02       0.00244165       0.00104953
      2.1319   5.8157E+02       0.00237719       0.00102485
      2.1369   5.8021E+02       0.00229971       0.00098072
      2.1419   5.7885E+02       0.00222480       0.00092166
      2.1469   5.7750E+02       0.00216995       0.00085856
      2.1519   5.7616E+02       0.00215226       0.00080755
      2.1569   5.7483E+02       0.00218601       0.00078557
      2.1619   5.7350E+02       0.00228075       0.00080262
      2.1669   5.7217E+02       0.00244037       0.00085630
      2.1719   5.7086E+02       0.00266347       0.00093530
      2.1769   5.6954E+02       0.00294478       0.00102760
      2.1819   5.6824E+02       0.00327715       0.00112585
      2.1869   5.6694E+02       0.00365345       0.00122835
      2.1919   5.6565E+02       0.00406763       0.00133742
      2.1969   5.6436E+02       0.00451473       0.00145663
      2.2019   5.6308E+02       0.00498965       0.00158778
      2.2069   5.6180E+02       0.00548529       0.00172900
      2.2119   5.6053E+02       0.00599071       0.00187437
      2.2169   5.5927E+02       0.00649015       0.00201492
      2.2219   5.5801E+02       0.00696370       0.00214017
      2.2269   5.5676E+02       0.00738985       0.00223975
      2.2319   5.5551E+02       0.00774975       0.00230498
      2.2369   5.5427E+02       0.00803245       0.00233042
      2.2419   5.5303E+02       0.00823997       0.00231539
      2.2469   5.5180E+02       0.00839080       0.00226516
      2.2519   5.5058E+02       0.00852081       0.00219198
      2.2569   5.4936E+02       0.00868061       0.00211574
      2.2619   5.4814E+02       0.00892936       0.00206383
      2.2669   5.4693E+02       0.00932564       0.00206790
      2.2719   5.4573E+02       0.00991683       0.00215485
      2.2769   5.4453E+02       0.01072891       0.00233439
      2.2819   5.4334E+02       0.01175905       0.00259335
      2.2869   5.4215E+02       0.01297261       0.00290131
      2.2919   5.4097E+02       0.01430588       0.00322125
      2.2969   5.3979E+02       0.01567426       0.00351827
      2.3019   5.3862E+02       0.01698465       0.00376510
      2.3069   5.3745E+02       0.01814956       0.00394515
      2.3119   5.3629E+02       0.01910032       0.00405323
      2.3169   5.3513E+02       0.01979692       0.00409413
      2.3219   5.3398E+02       0.02023277       0.00407922
      2.3269   5.3283E+02       0.02043399       0.00402236
      2.3319   5.3169E+02       0.02045387       0.00393671
      2.3369   5.3055E+02       0.02036377       0.00383352
      2.3419   5.2942E+02       0.02024244       0.00372292
      2.3469   5.2829E+02       0.02016532       0.00361544
      2.3519   5.2717E+02       0.02019554       0.00352230
      2.3569   5.2605E+02       0.02037769       0.00345391
      2.3619   5.2493E+02       0.02073523       0.00341811
      2.3669   5.2383E+02       0.02127158       0.00342186
      2.3719   5.2272E+02       0.02197479       0.00348001
      2.3769   5.2162E+02       0.02282474       0.00363119
      2.3819   5.2053E+02       0.02380140       0.00395164
      2.3869   5.1944E+02       0.02489253       0.00454515
      2.3919   5.1835E+02       0.02609865       0.00549795
      2.3969   5.1727E+02       0.02743397       0.00683151
      2.4019   5.1619E+02       0.02892249       0.00849047
      2.4069   5.1512E+02       0.03058947       0.01035524
      2.4119   5.1405E+02       0.03245024       0.01225940
      2.4169   5.1299E+02       0.03449878       0.01400968
      2.4219   5.1193E+02       0.03669943       0.01541179
      2.4269   5.1087E+02       0.03898427       0.01630040
      2.4319   5.0982E+02       0.04125783       0.01656773
      2.4369   5.0878E+02       0.04340850       0.01618382
      2.4419   5.0774E+02       0.04532454       0.01520334
      2.4469   5.0670E+02       0.04691104       0.01375732
      2.4519   5.0567E+02       0.04810431       0.01203220
      2.4569   5.0464E+02       0.04888068       0.01024163
      2.4619   5.0361E+02       0.04925861       0.00859568
      2.4669   5.0259E+02       0.04929460       0.00726770
      2.4719   5.0157E+02       0.04907467       0.00635508
      2.4769   5.0056E+02       0.04870367       0.00584600
      2.4819   4.9955E+02       0.04829406       0.00563397
      2.4869   4.9855E+02       0.04795533       0.00558748
      2.4919   4.9755E+02       0.04778408       0.00561200
      2.4969   4.9655E+02       0.04785471       0.00566504
      2.5019   4.9556E+02       0.04821102       0.00574170
      2.5069   4.9457E+02       0.04885965       0.00585382
      2.5119   4.9359E+02       0.04976697       0.00601182
      2.5169   4.9261E+02       0.05086125       0.00621295
      2.5219   4.9163E+02       0.05204101       0.00643803
      2.5269   4.9066E+02       0.05318909       0.00665629
      2.5319   4.8969E+02       0.05419023       0.00683466
      2.5369   4.8872E+02       0.05494844       0.00694714
      2.5419   4.8776E+02       0.05540027       0.00698140
      2.5469   4.8680E+02       0.05552092       0.00694134
      2.5519   4.8585E+02       0.05532233       0.00684532
      2.5569   4.8490E+02       0.05484452       0.00672002
      2.5619   4.8395E+02       0.05414379       0.00659155
      2.5669   4.8301E+02       0.05328152       0.00647661
      2.5719   4.8207E+02       0.05231692       0.00637794
      2.5769   4.8114E+02       0.05130477       0.00628692
      2.5819   4.8021E+02       0.05029700       0.00619207
      2.5869   4.7928E+02       0.04934553       0.00608884
      2.5919   4.7835E+02       0.04850330       0.00598583
      2.5969   4.7743E+02       0.04782192       0.00590408
      2.6019   4.7651E+02       0.04734600       0.00586934
      2.6069   4.7560E+02       0.04710648       0.00590033
      2.6119   4.7469E+02       0.04711561       0.00599922
      2.6169   4.7378E+02       0.04736631       0.00614993
      2.6219   4.7288E+02       0.04783643       0.00632460
      2.6269   4.7198E+02       0.04849661       0.00649383
      2.6319   4.7108E+02       0.04931877       0.00663576
      2.6369   4.7019E+02       0.05028169       0.00674165
      2.6419   4.6930E+02       0.05137111       0.00681753
      2.6469   4.6841E+02       0.05257393       0.00688147
      2.6519   4.6753E+02       0.05386835       0.00695660
      2.6569   4.6665E+02       0.05521381       0.00706142
      2.6619   4.6577E+02       0.05654491       0.00720100
      2.6669   4.6490E+02       0.05777289       0.00736358
      2.6719   4.6403E+02       0.05879564       0.00752407
      2.6769   4.6316E+02       0.05951458       0.00765229
      2.6819   4.6230E+02       0.05985404       0.00772236
      2.6869   4.6144E+02       0.05977764       0.00772034
      2.6919   4.6058E+02       0.05929655       0.00764879
      2.6969   4.5973E+02       0.05846683       0.00752742
      2.7019   4.5888E+02       0.05737592       0.00738880
      2.7069   4.5803E+02       0.05612202       0.00726860
      2.7119   4.5719E+02       0.05479204       0.00719223
      2.7169   4.5634E+02       0.05344416       0.00716362
      2.7219   4.5551E+02       0.05209992       0.00716279
      2.7269   4.5467E+02       0.05074728       0.00715430
      2.7319   4.5384E+02       0.04935311       0.00710149
      2.7369   4.5301E+02       0.04788050       0.00697953
      2.7419   4.5218E+02       0.04630518       0.00678268
      2.7469   4.5136E+02       0.04462610       0.00652546
      2.7519   4.5054E+02       0.04286719       0.00623831
      2.7569   4.4972E+02       0.04107062       0.00595915
      2.7619   4.4891E+02       0.03928411       0.00572215
      2.7669   4.4810E+02       0.03754671       0.00554695
      2.7719   4.4729E+02       0.03587714       0.00543323
      2.7769   4.4648E+02       0.03426797       0.00536362
      2.7819   4.4568E+02       0.03268666       0.00531285
      2.7869   4.4488E+02       0.03108297       0.00525699
      2.7919   4.4409E+02       0.02940060       0.00517803
      2.7969   4.4329E+02       0.02759045       0.00506366
      2.8019   4.4250E+02       0.02562299       0.00490470
      2.8069   4.4171E+02       0.02349730       0.00469325
      2.8119   4.4093E+02       0.02124557       0.00442335
      2.8169   4.4014E+02       0.01893203       0.00409373
      2.8219   4.3936E+02       0.01664648       0.00371119
      2.8269   4.3859E+02       0.01449321       0.00329349
      2.8319   4.3781E+02       0.01257694       0.00287155
      2.8369   4.3704E+02       0.01098798       0.00249187
      2.8419   4.3627E+02       0.00978892       0.00221683
      2.8469   4.3551E+02       0.00900528       0.00211067
      2.8519   4.3474E+02       0.00862153       0.00219961
      2.8569   4.3398E+02       0.00858343       0.00244529
      2.8619   4.3322E+02       0.00880620       0.00277373
      2.8669   4.3247E+02       0.00918722       0.00311393
      2.8719   4.3171E+02       0.00962091       0.00341101
      2.8769   4.3096E+02       0.01001308       0.00362693
      2.8819   4.3022E+02       0.01029204       0.00374068
      2.8869   4.2947E+02       0.01041455       0.00374893
      2.8919   4.2873E+02       0.01036586       0.00366547
      2.8969   4.2799E+02       0.01015468       0.00351755
      2.9019   4.2725E+02       0.00980496       0.00333862
      2.9069   4.2652E+02       0.00934719       0.00315845
      2.9119   4.2578E+02       0.00881149       0.00299399
      2.9169   4.2505E+02       0.00822395       0.00284573
      2.9219   4.2433E+02       0.00760615       0.00270247
      2.9269   4.2360E+02       0.00697683       0.00255154
      2.9319   4.2288E+02       0.00635410       0.00238853
      2.9369   4.2216E+02       0.00575662       0.00222193
      2.9419   4.2144E+02       0.00520319       0.00207136
      2.9469   4.2073E+02       0.00471081       0.00195933
      2.9519   4.2001E+02       0.00429213       0.00189915
      2.9569   4.1930E+02       0.00395329       0.00188705
      2.9619   4.1860E+02       0.00369296       0.00190593
      2.9669   4.1789E+02       0.00350259       0.00193745
      2.9719   4.1719E+02       0.00336784       0.00197180
      2.9769   4.1649E+02       0.00327051       0.00200877
      2.9819   4.1579E+02       0.00319065       0.00205169
      2.9869   4.1509E+02       0.00310850       0.00209900
      2.9919   4.1440E+02       0.00300642       0.00213977
      2.9969   4.1371E+02       0.00287063       0.00215583
      3.0019   4.1302E+02       0.00269278       0.00212849
      3.0069   4.1233E+02       0.00247106       0.00204512
      3.0119   4.1165E+02       0.00221036       0.00190294
      3.0169   4.1097E+02       0.00192153       0.00170925
      3.0219   4.1029E+02       0.00161946       0.00147916
      3.0269   4.0961E+02       0.00132062       0.00123181
      3.0319   4.0893E+02       0.00104035       0.00098650
      3.0369   4.0826E+02       0.00079075       0.00075947
      3.0419   4.0759E+02       0.00057933       0.00056193
      3.0469   4.0692E+02       0.00040881       0.00039954
      3.0519   4.0625E+02       0.00027769       0.00027297
      3.0569   4.0559E+02       0.00018149       0.00017919
      3.0619   4.0493E+02       0.00011409       0.00011302
      3.0669   4.0427E+02       0.00006896       0.00006849
      3.0719   4.0361E+02       0.00004008       0.00003988
      3.0769   4.0295E+02       0.00002239       0.00002231
      3.0819   4.0230E+02       0.00001202       0.00001199
      3.0869   4.0165E+02       0.00000620       0.00000619
      3.0919   4.0100E+02       0.00000308       0.00000307
      3.0969   4.0035E+02       0.00000147       0.00000146
      3.1019   3.9970E+02       0.00000067       0.00000067
      3.1069   3.9906E+02       0.00000030       0.00000030
      3.1119   3.9842E+02       0.00000012       0.00000012
      3.1169   3.9778E+02       0.00000005       0.00000005
      3.1219   3.9714E+02       0.00000002       0.00000002
      3.1269   3.9651E+02       0.00000001       0.00000001
      3.1319   3.9588E+02       0.00000000       0.00000000
      3.1369   3.9524E+02       0.00000000       0.00000000
      3.1419   3.9462E+02       0.00000000       0.00000000
      3.1469   3.9399E+02       0.00000000       0.00000000
      3.1519   3.9336E+02       0.00000000       0.00000000
