2.8849
2.6141
2.7288
2.5496
2.5063
2.5166
2.7918
2.7479
2.6723
2.5332
2.5424
2.8570
2.4558
2.5363
2.6639
2.2568
2.5776
2.9668
2.4341
2.3513
2.6820
2.4687
2.7690
2.4811
2.5094
2.5243
2.3667
2.4771
2.2835
2.3219
2.5342
2.2727
2.5213
2.6392
2.7978
2.6603
2.7748
2.7371
2.5679
2.4751
2.3927
2.8234
2.6727
2.5564
2.4457
2.7778
2.5770
2.2012
2.7977
2.5857
2.6127
2.7109
2.4447
2.6230
2.4689
2.5307
2.6957
2.4539
2.7085
2.5788
2.2363
2.1749
2.7425
2.6060
2.6743
2.5734
2.6340
2.5853
2.8787
2.4459
2.5528
2.6979
2.3884
2.6455
2.4656
2.5222
2.3712
2.6298
2.1323
2.4840
2.4854
2.8069
2.4722
2.5864
2.5477
2.5148
2.6858
2.3754
2.4728
2.7881
2.5856
2.8652
2.3854
2.4909
2.5922
2.8049
2.5128
2.5393
2.3347
2.4403
2.5111
2.4666
2.5953
2.7292
2.5121
2.6730
2.5977
2.5850
2.3936
2.7276
2.2542
2.2852
2.4442
2.7578
2.3141
2.4532
2.4488
2.4910
2.3996
2.7514
2.7530
2.5096
2.5365
2.5789
2.6496
2.5476
2.4672
2.5151
2.6914
2.5462
2.3370
2.6742
2.4719
2.3984
2.6872
2.6830
2.3301
2.4129
2.4735
2.5938
2.7030
2.5958
2.6919
2.3411
2.6201
2.6647
2.5146
2.6680
2.4831
2.1148
2.5376
2.7592
2.6801
2.5684
2.6458
2.4633
2.2377
2.4973
2.4893
2.4231
3.0020
2.5580
2.6200
2.6171
2.3031
2.4373
2.7152
2.7668
2.4253
2.7455
2.5645
2.4193
2.5228
2.6707
2.5712
2.6354
2.7627
2.7435
2.7349
2.4456
2.2202
2.4826
2.4923
2.5694
2.3250
2.8124
2.8103
2.6157
2.5053
2.2886
2.5172
2.3963
2.4383
2.4462
2.5707
2.6700
2.5352
2.5410
2.4439
2.2211
2.4318
2.6513
2.6755
2.6177
2.7008
2.5269
2.4326
2.2375
2.1845
2.6567
2.6404
2.4040
2.6430
2.8814
2.6994
2.6390
2.5790
2.4839
2.4595
2.3060
2.7667
2.4581
2.3086
2.6473
2.4732
2.7584
2.6601
2.4769
2.7803
2.3482
2.3197
2.6524
2.6044
2.5859
2.6492
2.3078
2.5328
2.2984
2.6165
2.4947
2.4360
2.8094
2.6376
2.4298
2.5758
2.4330
2.6898
2.7280
2.5269
2.7506
2.4208
2.4038
2.6673
2.6281
2.4822
2.3711
2.7408
2.8835
2.6996
2.7471
2.6975
2.5378
2.5897
2.7027
2.5516
2.6836
2.6877
2.7752
2.3641
2.5658
2.7504
2.3640
2.7889
2.4976
2.7321
2.8075
2.4741
2.1993
2.4436
2.3679
2.4683
2.6113
2.3197
2.6280
2.6170
2.0119
2.5868
2.4619
2.4448
2.5433
2.4574
2.3507
2.6512
2.5309
2.9064
2.3810
2.4062
2.1918
2.4874
2.7021
2.4290
2.6791
2.5234
2.7848
2.7847
2.5060
2.5459
2.6143
2.8701
2.4301
2.8123
2.3452
2.5545
2.3424
2.0896
2.5221
2.7776
2.6656
2.3684
2.4512
2.6790
2.2491
2.5531
2.5151
2.3731
2.3636
2.6820
2.4539
2.5452
2.3823
2.7988
2.6657
2.3610
2.6183
2.3994
2.7922
2.5778
2.5825
2.5753
2.5291
2.5572
2.6718
2.5616
2.4323
2.3336
2.3966
2.5901
2.3121
2.6865
2.6362
2.6844
2.4948
2.8143
2.6411
2.4153
2.9227
2.5674
2.5107
2.4962
2.2541
2.7247
2.5604
2.6235
2.7527
2.5232
2.4678
2.6342
2.3882
2.5334
2.4084
2.2395
2.7295
2.5838
2.5524
2.7143
2.5471
2.2583
2.4885
2.3275
2.4932
2.3225
2.4602
2.6626
2.6273
2.6018
2.4730
2.6879
2.2989
2.5670
2.3384
2.0728
2.5084
2.5171
2.8171
2.1257
2.7478
2.6202
2.4503
2.7428
2.5847
2.4775
2.6746
2.3943
2.3907
2.6374
2.7010
2.4866
2.6826
2.4810
2.6073
2.1345
2.7548
2.4978
2.7194
2.7316
2.7038
2.2156
2.5925
2.6012
2.7385
2.4809
2.4836
2.3956
2.2668
2.9276
2.4294
2.3254
2.8237
2.3196
2.5558
2.4409
2.7295
2.4421
2.4716
2.6505
2.4563
2.4456
2.5058
2.6980
2.4891
2.6910
2.3063
2.3048
2.6765
2.7158
2.5040
2.2191
2.7072
2.7093
2.7783
2.3823
2.4296
2.5978
2.3280
2.5057
2.4524
2.6857
2.4428
2.5934
2.4899
2.4160
2.7334
2.2188
2.5016
2.7774
2.6838
2.7212
2.4975
2.5508
2.7065
2.5875
2.0923
2.9202
2.5409
2.6431
2.5054
2.3877
2.5873
2.5308
2.4132
2.7958
2.6963
2.4458
2.9251
2.7458
2.3147
2.5235
2.5126
2.4917
2.6239
2.2963
2.2399
2.5335
2.7346
2.7174
2.5504
2.8093
2.6328
2.6336
2.6909
2.4318
