      DE/eV    lambda/nm    sigma/A^2        +/-error/A^2
      2.0547   6.0342E+02       0.00000000       0.00000000
      2.0597   6.0195E+02       0.00000001       0.00000001
      2.0647   6.0049E+02       0.00000002       0.00000002
      2.0697   5.9904E+02       0.00000005       0.00000005
      2.0747   5.9760E+02       0.00000015       0.00000015
      2.0797   5.9616E+02       0.00000041       0.00000041
      2.0847   5.9473E+02       0.00000109       0.00000109
      2.0897   5.9331E+02       0.00000279       0.00000280
      2.0947   5.9189E+02       0.00000685       0.00000686
      2.0997   5.9049E+02       0.00001616       0.00001618
      2.1047   5.8908E+02       0.00003660       0.00003664
      2.1097   5.8769E+02       0.00007966       0.00007974
      2.1147   5.8630E+02       0.00016657       0.00016674
      2.1197   5.8491E+02       0.00033464       0.00033498
      2.1247   5.8354E+02       0.00064594       0.00064659
      2.1297   5.8217E+02       0.00119795       0.00119914
      2.1347   5.8080E+02       0.00213457       0.00213670
      2.1397   5.7945E+02       0.00365439       0.00365802
      2.1447   5.7810E+02       0.00601105       0.00601700
      2.1497   5.7675E+02       0.00949990       0.00950921
      2.1547   5.7541E+02       0.01442518       0.01443906
      2.1597   5.7408E+02       0.02104554       0.02106514
      2.1647   5.7275E+02       0.02950125       0.02952706
      2.1697   5.7143E+02       0.03973484       0.03976551
      2.1747   5.7012E+02       0.05142440       0.05145451
      2.1797   5.6881E+02       0.06395335       0.06396920
      2.1847   5.6751E+02       0.07643769       0.07640981
      2.1897   5.6622E+02       0.08782131       0.08769167
      2.1947   5.6493E+02       0.09703287       0.09669409
      2.1997   5.6364E+02       0.10317847       0.10244199
      2.2047   5.6236E+02       0.10573028       0.10428125
      2.2097   5.6109E+02       0.10466702       0.10200673
      2.2147   5.5982E+02       0.10053111       0.09591584
      2.2197   5.5856E+02       0.09438618       0.08678827
      2.2247   5.5731E+02       0.08768210       0.07583287
      2.2297   5.5606E+02       0.08205481       0.06468611
      2.2347   5.5481E+02       0.07909971       0.05553551
      2.2397   5.5357E+02       0.08015899       0.05109665
      2.2447   5.5234E+02       0.08615653       0.05341528
      2.2497   5.5111E+02       0.09750367       0.06203761
      2.2547   5.4989E+02       0.11408818       0.07472308
      2.2597   5.4868E+02       0.13534758       0.08928815
      2.2647   5.4746E+02       0.16041645       0.10410012
      2.2697   5.4626E+02       0.18832342       0.11794273
      2.2747   5.4506E+02       0.21819909       0.12994754
      2.2797   5.4386E+02       0.24944510       0.13965378
      2.2847   5.4267E+02       0.28181451       0.14712259
      2.2897   5.4149E+02       0.31536897       0.15302453
      2.2947   5.4031E+02       0.35031083       0.15859687
      2.2997   5.3913E+02       0.38673016       0.16534456
      2.3047   5.3796E+02       0.42434468       0.17445165
      2.3097   5.3680E+02       0.46232753       0.18614397
      2.3147   5.3564E+02       0.49930293       0.19943737
      2.3197   5.3448E+02       0.53354106       0.21246380
      2.3247   5.3333E+02       0.56331536       0.22314314
      2.3297   5.3219E+02       0.58732144       0.22985799
      2.3347   5.3105E+02       0.60502312       0.23193658
      2.3397   5.2991E+02       0.61680387       0.22987177
      2.3447   5.2878E+02       0.62385976       0.22523359
      2.3497   5.2766E+02       0.62785379       0.22023730
      2.3547   5.2654E+02       0.63043007       0.21700445
      2.3597   5.2542E+02       0.63273230       0.21676594
      2.3647   5.2431E+02       0.63506900       0.21945316
      2.3697   5.2321E+02       0.63682168       0.22393651
      2.3747   5.2210E+02       0.63662092       0.22865372
      2.3797   5.2101E+02       0.63274280       0.23215157
      2.3847   5.1992E+02       0.62362541       0.23332036
      2.3897   5.1883E+02       0.60838176       0.23140497
      2.3947   5.1774E+02       0.58719187       0.22597044
      2.3997   5.1667E+02       0.56148649       0.21694515
      2.4047   5.1559E+02       0.53387922       0.20477057
      2.4097   5.1452E+02       0.50785560       0.19061098
      2.4147   5.1346E+02       0.48727802       0.17651699
      2.4197   5.1239E+02       0.47580697       0.16534600
      2.4247   5.1134E+02       0.47636074       0.16014718
      2.4297   5.1029E+02       0.49073075       0.16304265
      2.4347   5.0924E+02       0.51943465       0.17472676
      2.4397   5.0819E+02       0.56183095       0.19592626
      2.4447   5.0716E+02       0.61645055       0.23014836
      2.4497   5.0612E+02       0.68144247       0.28529515
      2.4547   5.0509E+02       0.75500042       0.37204719
      2.4597   5.0406E+02       0.83564460       0.49981003
      2.4647   5.0304E+02       0.92227963       0.67346346
      2.4697   5.0202E+02       1.01402126       0.89194323
      2.4747   5.0101E+02       1.10986151       1.14755490
      2.4797   5.0000E+02       1.20829956       1.42569939
      2.4847   4.9899E+02       1.30708419       1.70552339
      2.4897   4.9799E+02       1.40318500       1.96192189
      2.4947   4.9699E+02       1.49303878       2.16885476
      2.4997   4.9600E+02       1.57302744       2.30344678
      2.5047   4.9501E+02       1.64006316       2.34998899
      2.5097   4.9402E+02       1.69211497       2.30286790
      2.5147   4.9304E+02       1.72852489       2.16766616
      2.5197   4.9206E+02       1.75002790       1.96014795
      2.5247   4.9108E+02       1.75848499       1.70341113
      2.5297   4.9011E+02       1.75642798       1.42396517
      2.5347   4.8915E+02       1.74656634       1.14772228
      2.5397   4.8818E+02       1.73140339       0.89679859
      2.5447   4.8723E+02       1.71305752       0.68760813
      2.5497   4.8627E+02       1.69330668       0.52997479
      2.5547   4.8532E+02       1.67380151       0.42608445
      2.5597   4.8437E+02       1.65634822       0.36888403
      2.5647   4.8343E+02       1.64315452       0.34371581
      2.5697   4.8249E+02       1.63695664       0.33548633
      2.5747   4.8155E+02       1.64098683       0.33440563
      2.5797   4.8061E+02       1.65878651       0.33611641
      2.5847   4.7969E+02       1.69390924       0.33952362
      2.5897   4.7876E+02       1.74958455       0.34500555
      2.5947   4.7784E+02       1.82842330       0.35331449
      2.5997   4.7692E+02       1.93223138       0.36488258
      2.6047   4.7600E+02       2.06195894       0.37946011
      2.6097   4.7509E+02       2.21775372       0.39616787
      2.6147   4.7418E+02       2.39903004       0.41393128
      2.6197   4.7328E+02       2.60443735       0.43205608
      2.6247   4.7237E+02       2.83164083       0.45061643
      2.6297   4.7148E+02       3.07691347       0.47040140
      2.6347   4.7058E+02       3.33466006       0.49237161
      2.6397   4.6969E+02       3.59709518       0.51686689
      2.6447   4.6880E+02       3.85432529       0.54302362
      2.6497   4.6792E+02       4.09500760       0.56877459
      2.6547   4.6704E+02       4.30758850       0.59143410
      2.6597   4.6616E+02       4.48192189       0.60854336
      2.6647   4.6528E+02       4.61091185       0.61859590
      2.6697   4.6441E+02       4.69177936       0.62139948
      2.6747   4.6354E+02       4.72664042       0.61800095
      2.6797   4.6268E+02       4.72226419       0.61024677
      2.6847   4.6182E+02       4.68908639       0.60017666
      2.6897   4.6096E+02       4.63970976       0.58952331
      2.6947   4.6010E+02       4.58719068       0.57954251
      2.6997   4.5925E+02       4.54339329       0.57119324
      2.7047   4.5840E+02       4.51762644       0.56543643
      2.7097   4.5756E+02       4.51570714       0.56331937
      2.7147   4.5671E+02       4.53953836       0.56567325
      2.7197   4.5587E+02       4.58724368       0.57258704
      2.7247   4.5504E+02       4.65384365       0.58307006
      2.7297   4.5420E+02       4.73237691       0.59522317
      2.7347   4.5337E+02       4.81527328       0.60686429
      2.7397   4.5255E+02       4.89571133       0.61625610
      2.7447   4.5172E+02       4.96867948       0.62258435
      2.7497   4.5090E+02       5.03152811       0.62602904
      2.7547   4.5008E+02       5.08393583       0.62747333
      2.7597   4.4927E+02       5.12737348       0.62802710
      2.7647   4.4845E+02       5.16427731       0.62858906
      2.7697   4.4764E+02       5.19719812       0.62962009
      2.7747   4.4684E+02       5.22816216       0.63116438
      2.7797   4.4603E+02       5.25838114       0.63301490
      2.7847   4.4523E+02       5.28831944       0.63487308
      2.7897   4.4444E+02       5.31800767       0.63642792
      2.7947   4.4364E+02       5.34741681       0.63739785
      2.7997   4.4285E+02       5.37669554       0.63763029
      2.8047   4.4206E+02       5.40613193       0.63728417
      2.8097   4.4127E+02       5.43581491       0.63698219
      2.8147   4.4049E+02       5.46511140       0.63773280
      2.8197   4.3971E+02       5.49219061       0.64050155
      2.8247   4.3893E+02       5.51386526       0.64556286
      2.8297   4.3815E+02       5.52594701       0.65202238
      2.8347   4.3738E+02       5.52413561       0.65789867
      2.8397   4.3661E+02       5.50523848       0.66082138
      2.8447   4.3584E+02       5.46833877       0.65902014
      2.8497   4.3508E+02       5.41548387       0.65214197
      2.8547   4.3432E+02       5.35158963       0.64154553
      2.8597   4.3356E+02       5.28351275       0.62991693
      2.8647   4.3280E+02       5.21853635       0.62028206
      2.8697   4.3205E+02       5.16272054       0.61478716
      2.8747   4.3129E+02       5.11960711       0.61386723
      2.8797   4.3055E+02       5.08962413       0.61629348
      2.8847   4.2980E+02       5.07028043       0.62001277
      2.8897   4.2906E+02       5.05698218       0.62317630
      2.8947   4.2831E+02       5.04414570       0.62477190
      2.8997   4.2758E+02       5.02626914       0.62466398
      2.9047   4.2684E+02       4.99873781       0.62320734
      2.9097   4.2611E+02       4.95830317       0.62075703
      2.9147   4.2538E+02       4.90330903       0.61735467
      2.9197   4.2465E+02       4.83378791       0.61270290
      2.9247   4.2392E+02       4.75150927       0.60636360
      2.9297   4.2320E+02       4.65996747       0.59804075
      2.9347   4.2248E+02       4.56421125       0.58784321
      2.9397   4.2176E+02       4.47039013       0.57647848
      2.9447   4.2104E+02       4.38494907       0.56532310
      2.9497   4.2033E+02       4.31352567       0.55626332
      2.9547   4.1962E+02       4.25974672       0.55120266
      2.9597   4.1891E+02       4.22422249       0.55130398
      2.9647   4.1820E+02       4.20404961       0.55632027
      2.9697   4.1750E+02       4.19303835       0.56447253
      2.9747   4.1680E+02       4.18270350       0.57301753
      2.9797   4.1610E+02       4.16385392       0.57917607
      2.9847   4.1540E+02       4.12845291       0.58092468
      2.9897   4.1470E+02       4.07134745       0.57735095
      2.9947   4.1401E+02       3.99149550       0.56856991
      2.9997   4.1332E+02       3.89243543       0.55540654
      3.0047   4.1263E+02       3.78190040       0.53911257
      3.0097   4.1195E+02       3.67064079       0.52129303
      3.0147   4.1127E+02       3.57065436       0.50400760
      3.0197   4.1058E+02       3.49312350       0.48979712
      3.0247   4.0991E+02       3.44641686       0.48132656
      3.0297   4.0923E+02       3.43452056       0.48055919
      3.0347   4.0856E+02       3.45620925       0.48783642
      3.0397   4.0788E+02       3.50514467       0.50151780
      3.0447   4.0721E+02       3.57091106       0.51848521
      3.0497   4.0655E+02       3.64079834       0.53515675
      3.0547   4.0588E+02       3.70197862       0.54843791
      3.0597   4.0522E+02       3.74363819       0.55630328
      3.0647   4.0456E+02       3.75865154       0.55798583
      3.0697   4.0390E+02       3.74450821       0.55385959
      3.0747   4.0324E+02       3.70338447       0.54512102
      3.0797   4.0259E+02       3.64143597       0.53339114
      3.0847   4.0193E+02       3.56752406       0.52037131
      3.0897   4.0128E+02       3.49165426       0.50764703
      3.0947   4.0063E+02       3.42340258       0.49663511
      3.0997   3.9999E+02       3.37055789       0.48856735
      3.1047   3.9934E+02       3.33814240       0.48438564
      3.1097   3.9870E+02       3.32790537       0.48452374
      3.1147   3.9806E+02       3.33832258       0.48869321
      3.1197   3.9742E+02       3.36507007       0.49584411
      3.1247   3.9679E+02       3.40187427       0.50437791
      3.1297   3.9615E+02       3.44157692       0.51254088
      3.1347   3.9552E+02       3.47721006       0.51884843
      3.1397   3.9489E+02       3.50287240       0.52240661
      3.1447   3.9426E+02       3.51424604       0.52305056
      3.1497   3.9364E+02       3.50868581       0.52127058
      3.1547   3.9301E+02       3.48493016       0.51794767
      3.1597   3.9239E+02       3.44258645       0.51397721
      3.1647   3.9177E+02       3.38160070       0.50990524
      3.1697   3.9115E+02       3.30191269       0.50570313
      3.1747   3.9054E+02       3.20342331       0.50075403
      3.1797   3.8992E+02       3.08628683       0.49404407
      3.1847   3.8931E+02       2.95142487       0.48448923
      3.1897   3.8870E+02       2.80107928       0.47130212
      3.1947   3.8809E+02       2.63920389       0.45430093
      3.1997   3.8749E+02       2.47154228       0.43407499
      3.2047   3.8688E+02       2.30533196       0.41195204
      3.2097   3.8628E+02       2.14867977       0.38976785
      3.2147   3.8568E+02       2.00973397       0.36950674
      3.2197   3.8508E+02       1.89581312       0.35293464
      3.2247   3.8448E+02       1.81263632       0.34134485
      3.2297   3.8389E+02       1.76375137       0.33546640
      3.2347   3.8329E+02       1.75020036       0.33548767
      3.2397   3.8270E+02       1.77042125       0.34110801
      3.2447   3.8211E+02       1.82036737       0.35157507
      3.2497   3.8153E+02       1.89383065       0.36572787
      3.2547   3.8094E+02       1.98296123       0.38207773
      3.2597   3.8035E+02       2.07896953       0.39893480
      3.2647   3.7977E+02       2.17296735       0.41457369
      3.2697   3.7919E+02       2.25685889       0.42743205
      3.2747   3.7861E+02       2.32414993       0.43632962
      3.2797   3.7804E+02       2.37052724       0.44067307
      3.2847   3.7746E+02       2.39408873       0.44058629
      3.2897   3.7689E+02       2.39517864       0.43689431
      3.2947   3.7631E+02       2.37587986       0.43090912
      3.2997   3.7574E+02       2.33930634       0.42403173
      3.3047   3.7518E+02       2.28888559       0.41729089
      3.3097   3.7461E+02       2.22780701       0.41102786
      3.3147   3.7404E+02       2.15874045       0.40490488
      3.3197   3.7348E+02       2.08382943       0.39823755
      3.3247   3.7292E+02       2.00487336       0.39045396
      3.3297   3.7236E+02       1.92356624       0.38142992
      3.3347   3.7180E+02       1.84166743       0.37155533
      3.3397   3.7124E+02       1.76103239       0.36154845
      3.3447   3.7069E+02       1.68350074       0.35215422
      3.3497   3.7014E+02       1.61069480       0.34389354
      3.3547   3.6958E+02       1.54380639       0.33696645
      3.3597   3.6903E+02       1.48343997       0.33130082
      3.3647   3.6849E+02       1.42954934       0.32666313
      3.3697   3.6794E+02       1.38146998       0.32275723
      3.3747   3.6739E+02       1.33802622       0.31928997
      3.3797   3.6685E+02       1.29768559       0.31601189
      3.3847   3.6631E+02       1.25874086       0.31272802
      3.3897   3.6577E+02       1.21951151       0.30926152
      3.3947   3.6523E+02       1.17856219       0.30537544
      3.3997   3.6469E+02       1.13492905       0.30070501
      3.4047   3.6416E+02       1.08832690       0.29477317
      3.4097   3.6362E+02       1.03928946       0.28712840
      3.4147   3.6309E+02       0.98918354       0.27757696
      3.4197   3.6256E+02       0.94004730       0.26643024
      3.4247   3.6203E+02       0.89423751       0.25466849
      3.4297   3.6150E+02       0.85392502       0.24391297
      3.4347   3.6098E+02       0.82053552       0.23608983
      3.4397   3.6045E+02       0.79427291       0.23274200
      3.4447   3.5993E+02       0.77386620       0.23422411
      3.4497   3.5941E+02       0.75663903       0.23931550
      3.4547   3.5889E+02       0.73892224       0.24558292
      3.4597   3.5837E+02       0.71673508       0.25021009
      3.4647   3.5785E+02       0.68658094       0.25077419
      3.4697   3.5733E+02       0.64616556       0.24570944
      3.4747   3.5682E+02       0.59486368       0.23446246
      3.4797   3.5631E+02       0.53382873       0.21742333
      3.4847   3.5580E+02       0.46573675       0.19571353
      3.4897   3.5529E+02       0.39424916       0.17090249
      3.4947   3.5478E+02       0.32334115       0.14471609
      3.4997   3.5427E+02       0.25665682       0.11878665
      3.5047   3.5377E+02       0.19702224       0.09447331
      3.5097   3.5326E+02       0.14618770       0.07276080
      3.5147   3.5276E+02       0.10480382       0.05422979
      3.5197   3.5226E+02       0.07258330       0.03908402
      3.5247   3.5176E+02       0.04857135       0.02721658
      3.5297   3.5126E+02       0.03144649       0.01829799
      3.5347   3.5076E+02       0.01979009       0.01187043
      3.5397   3.5027E+02       0.01228983       0.00743942
      3.5447   3.4977E+02       0.00786738       0.00458029
      3.5497   3.4928E+02       0.00573871       0.00314946
      3.5547   3.4879E+02       0.00542391       0.00339685
      3.5597   3.4830E+02       0.00672377       0.00513726
      3.5647   3.4781E+02       0.00967516       0.00807928
      3.5697   3.4732E+02       0.01449123       0.01233530
      3.5747   3.4684E+02       0.02148727       0.01814081
      3.5797   3.4635E+02       0.03099230       0.02568922
      3.5847   3.4587E+02       0.04324867       0.03505182
      3.5897   3.4539E+02       0.05830807       0.04612562
      3.5947   3.4491E+02       0.07593809       0.05860848
      3.5997   3.4443E+02       0.09555814       0.07200870
      3.6047   3.4395E+02       0.11622344       0.08568855
      3.6097   3.4348E+02       0.13667034       0.09892871
      3.6147   3.4300E+02       0.15542579       0.11099327
      3.6197   3.4253E+02       0.17097091       0.12117786
      3.6247   3.4205E+02       0.18193516       0.12883814
      3.6297   3.4158E+02       0.18728861       0.13341362
      3.6347   3.4111E+02       0.18649673       0.13446832
      3.6397   3.4064E+02       0.17960678       0.13175797
      3.6447   3.4018E+02       0.16724689       0.12530895
      3.6497   3.3971E+02       0.15053616       0.11547489
      3.6547   3.3925E+02       0.13092242       0.10293674
      3.6597   3.3878E+02       0.10997918       0.08863111
      3.6647   3.3832E+02       0.08920128       0.07361954
      3.6697   3.3786E+02       0.06983663       0.05893250
      3.6747   3.3740E+02       0.05278115       0.04542881
      3.6797   3.3694E+02       0.03854796       0.03370290
      3.6847   3.3648E+02       0.02730510       0.02405487
      3.6897   3.3603E+02       0.01896363       0.01652224
      3.6947   3.3557E+02       0.01329127       0.01097182
      3.6997   3.3512E+02       0.01002717       0.00729708
      3.7047   3.3467E+02       0.00897793       0.00580964
      3.7097   3.3422E+02       0.01008176       0.00699765
      3.7147   3.3377E+02       0.01343313       0.01039682
      3.7197   3.3332E+02       0.01926545       0.01561644
      3.7247   3.3287E+02       0.02789270       0.02273319
      3.7297   3.3242E+02       0.03961550       0.03190055
      3.7347   3.3198E+02       0.05460273       0.04314880
      3.7397   3.3154E+02       0.07276681       0.05629959
      3.7447   3.3109E+02       0.09365690       0.07093277
      3.7497   3.3065E+02       0.11639701       0.08639677
      3.7547   3.3021E+02       0.13969291       0.10185853
      3.7597   3.2977E+02       0.16192141       0.11638130
      3.7647   3.2933E+02       0.18129878       0.12901262
      3.7697   3.2890E+02       0.19610653       0.13886771
      3.7747   3.2846E+02       0.20493608       0.14520216
      3.7797   3.2803E+02       0.20690496       0.14747769
      3.7847   3.2759E+02       0.20179968       0.14542507
      3.7897   3.2716E+02       0.19011360       0.13909950
      3.7947   3.2673E+02       0.17297069       0.12891121
      3.7997   3.2630E+02       0.15195054       0.11560943
      3.8047   3.2587E+02       0.12885173       0.10020686
      3.8097   3.2544E+02       0.10544173       0.08385128
      3.8147   3.2502E+02       0.08324091       0.06767045
      3.8197   3.2459E+02       0.06337630       0.05262643
      3.8247   3.2417E+02       0.04652061       0.03941216
      3.8297   3.2374E+02       0.03291222       0.02840821
      3.8347   3.2332E+02       0.02243529       0.01969980
      3.8397   3.2290E+02       0.01473140       0.01313842
      3.8447   3.2248E+02       0.00931488       0.00842520
      3.8497   3.2206E+02       0.00567052       0.00519386
      3.8547   3.2164E+02       0.00332262       0.00307760
      3.8597   3.2123E+02       0.00187352       0.00175267
      3.8647   3.2081E+02       0.00101642       0.00095922
      3.8697   3.2040E+02       0.00053046       0.00050448
      3.8747   3.1998E+02       0.00026628       0.00025495
      3.8797   3.1957E+02       0.00012854       0.00012380
      3.8847   3.1916E+02       0.00005967       0.00005777
      3.8897   3.1875E+02       0.00002663       0.00002590
      3.8947   3.1834E+02       0.00001143       0.00001116
      3.8997   3.1793E+02       0.00000471       0.00000462
      3.9047   3.1753E+02       0.00000187       0.00000184
      3.9097   3.1712E+02       0.00000071       0.00000070
      3.9147   3.1671E+02       0.00000026       0.00000026
      3.9197   3.1631E+02       0.00000009       0.00000009
      3.9247   3.1591E+02       0.00000003       0.00000003
      3.9297   3.1551E+02       0.00000001       0.00000001
      3.9347   3.1510E+02       0.00000000       0.00000000
